Induced Winding Voltages at Rated Speed
Air-Gap Position (elec. degrees)
Voltage (V)
0	-286.691080
1	-278.263633
2	-270.065489
3	-262.161028
4	-254.555813
5	-247.200692
6	-240.004113
7	-232.848298
8	-225.606531
9	-218.160574
10	-210.417944
11	-202.328068
12	-193.894561
13	-185.179282
14	-176.294195
15	-167.380296
16	-158.578078
17	-149.997964
18	-141.699170
19	-133.681423
20	-125.888835
21	-118.221907
22	-110.553339
23	-102.744862
24	-94.664107
25	-86.201282
26	-77.284692
27	-67.892487
28	-58.056502
29	-47.854568
30	-37.391141
31	-26.771430
32	-16.078286
33	-5.360859
34	5.360859
35	16.078286
36	26.771430
37	37.391141
38	47.854568
39	58.056502
40	67.892487
41	77.284692
42	86.201282
43	94.664107
44	102.744862
45	110.553339
46	118.221907
47	125.888835
48	133.681423
49	141.699170
50	149.997964
51	158.578078
52	167.380296
53	176.294195
54	185.179282
55	193.894561
56	202.328068
57	210.417944
58	218.160574
59	225.606531
60	232.848298
61	240.004113
62	247.200692
63	254.555813
64	262.161028
65	270.065489
66	278.263633
67	286.691080
68	295.232713
69	303.743657
70	312.078714
71	320.121779
72	327.806803
73	335.125831
74	342.124830
75	348.891299
76	355.537974
77	362.185391
78	368.944275
79	375.898011
80	383.086161
81	390.491778
82	398.036817
83	405.589626
84	412.985218
85	420.053859
86	426.649577
87	432.670219
88	438.064803
89	442.829226
90	446.994854
91	450.615073
92	453.753389
93	456.474723
94	458.840015
95	460.903505
96	462.711843
97	464.304286
98	465.713448
99	466.966248
100	468.084868
101	469.087618
102	469.956375
103	470.736918
104	471.439695
105	472.073511
106	472.645842
107	473.163074
108	473.630693
109	474.053439
110	474.435421
111	474.780218
112	475.090950
113	475.370344
114	475.620783
115	475.844350
116	476.042859
117	476.184580
118	476.303991
119	476.402070
120	476.479610
121	476.537232
122	476.575395
123	476.594402
124	476.594402
125	476.575395
126	476.537232
127	476.479610
128	476.402070
129	476.303991
130	476.184580
131	476.042859
132	475.844350
133	475.620783
134	475.370344
135	475.090950
136	474.780218
137	474.435421
138	474.053439
139	473.630693
140	473.163074
141	472.645842
142	472.073511
143	471.439695
144	470.736918
145	469.956375
146	469.087618
147	468.084868
148	466.966248
149	465.713448
150	464.304286
151	462.711843
152	460.903505
153	458.840015
154	456.474723
155	453.753389
156	450.615073
157	446.994854
158	442.829226
159	438.064803
160	432.670219
161	426.649577
162	420.053859
163	412.985218
164	405.589626
165	398.036817
166	390.491778
167	383.086161
168	375.898011
169	368.944275
170	362.185391
171	355.537974
172	348.891299
173	342.124830
174	335.125831
175	327.806803
176	320.121779
177	312.078714
178	303.743657
179	295.232713
180	286.691080
181	278.263633
182	270.065489
183	262.161028
184	254.555813
185	247.200692
186	240.004113
187	232.848298
188	225.606531
189	218.160574
190	210.417944
191	202.328068
192	193.894561
193	185.179282
194	176.294195
195	167.380296
196	158.578078
197	149.997964
198	141.699170
199	133.681423
200	125.888835
201	118.221907
202	110.553339
203	102.744862
204	94.664107
205	86.201282
206	77.284692
207	67.892487
208	58.056502
209	47.854568
210	37.391141
211	26.771430
212	16.078286
213	5.360859
214	-5.360859
215	-16.078286
216	-26.771430
217	-37.391141
218	-47.854568
219	-58.056502
220	-67.892487
221	-77.284692
222	-86.201282
223	-94.664107
224	-102.744862
225	-110.553339
226	-118.221907
227	-125.888835
228	-133.681423
229	-141.699170
230	-149.997964
231	-158.578078
232	-167.380296
233	-176.294195
234	-185.179282
235	-193.894561
236	-202.328068
237	-210.417944
238	-218.160574
239	-225.606531
240	-232.848298
241	-240.004113
242	-247.200692
243	-254.555813
244	-262.161028
245	-270.065489
246	-278.263633
247	-286.691080
248	-295.232713
249	-303.743657
250	-312.078714
251	-320.121779
252	-327.806803
253	-335.125831
254	-342.124830
255	-348.891299
256	-355.537974
257	-362.185391
258	-368.944275
259	-375.898011
260	-383.086161
261	-390.491778
262	-398.036817
263	-405.589626
264	-412.985218
265	-420.053859
266	-426.649577
267	-432.670219
268	-438.064803
269	-442.829226
270	-446.994854
271	-450.615073
272	-453.753389
273	-456.474723
274	-458.840015
275	-460.903505
276	-462.711843
277	-464.304286
278	-465.713448
279	-466.966248
280	-468.084868
281	-469.087618
282	-469.956375
283	-470.736918
284	-471.439695
285	-472.073511
286	-472.645842
287	-473.163074
288	-473.630693
289	-474.053439
290	-474.435421
291	-474.780218
292	-475.090950
293	-475.370344
294	-475.620783
295	-475.844350
296	-476.042859
297	-476.184580
298	-476.303991
299	-476.402070
300	-476.479610
301	-476.537232
302	-476.575395
303	-476.594402
304	-476.594402
305	-476.575395
306	-476.537232
307	-476.479610
308	-476.402070
309	-476.303991
310	-476.184580
311	-476.042859
312	-475.844350
313	-475.620783
314	-475.370344
315	-475.090950
316	-474.780218
317	-474.435421
318	-474.053439
319	-473.630693
320	-473.163074
321	-472.645842
322	-472.073511
323	-471.439695
324	-470.736918
325	-469.956375
326	-469.087618
327	-468.084868
328	-466.966248
329	-465.713448
330	-464.304286
331	-462.711843
332	-460.903505
333	-458.840015
334	-456.474723
335	-453.753389
336	-450.615073
337	-446.994854
338	-442.829226
339	-438.064803
340	-432.670219
341	-426.649577
342	-420.053859
343	-412.985218
344	-405.589626
345	-398.036817
346	-390.491778
347	-383.086161
348	-375.898011
349	-368.944275
350	-362.185391
351	-355.537974
352	-348.891299
353	-342.124830
354	-335.125831
355	-327.806803
356	-320.121779
357	-312.078714
358	-303.743657
359	-295.232713
360	-286.691080
Phase Voltage ea
0	-53.842783
1	-38.259520
2	-22.864797
3	-7.605216
4	7.605216
5	22.864797
6	38.259520
7	53.842783
8	69.626182
9	85.583083
10	101.660770
11	117.793710
12	133.912242
13	149.946548
14	165.830635
15	181.511003
16	196.959896
17	212.187426
18	227.245105
19	242.216588
20	257.197327
21	272.269871
22	287.483477
23	302.844765
24	318.321111
25	333.852577
26	349.364885
27	364.777732
28	380.008301
29	394.974658
30	409.603713
31	423.843643
32	437.675103
33	451.113864
34	464.200874
35	476.981792
36	489.483273
37	501.695428
38	513.568016
39	525.022750
40	535.977355
41	546.372310
42	556.157657
43	565.401026
44	574.184556
45	582.626850
46	590.867749
47	599.051908
48	607.312116
49	615.752609
50	624.433386
51	633.358296
52	642.471245
53	651.664538
54	660.800065
55	669.738911
56	678.370927
57	686.602524
58	694.464565
59	702.008601
60	709.327908
61	716.541345
62	723.776087
63	731.150214
64	738.755430
65	746.640884
66	754.800865
67	763.170690
68	771.634783
69	780.047648
70	788.263293
71	796.164638
72	803.651153
73	810.746614
74	817.495173
75	823.982248
76	830.318192
77	836.620812
78	842.997713
79	849.528704
80	856.249235
81	863.137620
82	870.110328
83	877.029321
84	883.722137
85	890.010234
86	895.737195
87	900.755087
88	905.031051
89	908.542674
90	911.299141
91	913.326916
92	914.656895
93	915.314738
94	915.314738
95	914.656895
96	913.326916
97	911.299141
98	908.542674
99	905.031051
100	900.755087
101	895.737195
102	890.010234
103	883.722137
104	877.029321
105	870.110328
106	863.137620
107	856.249235
108	849.528704
109	842.997713
110	836.620812
111	830.318192
112	823.982248
113	817.495173
114	810.746614
115	803.651153
116	796.164638
117	788.263293
118	780.047648
119	771.634783
120	763.170690
121	754.800865
122	746.640884
123	738.755430
124	731.150214
125	723.776087
126	716.541345
127	709.327908
128	702.008601
129	694.464565
130	686.602524
131	678.370927
132	669.738911
133	660.800065
134	651.664538
135	642.471245
136	633.358296
137	624.433386
138	615.752609
139	607.312116
140	599.051908
141	590.867749
142	582.626850
143	574.184556
144	565.401026
145	556.157657
146	546.372310
147	535.977355
148	525.022750
149	513.568016
150	501.695428
151	489.483273
152	476.981792
153	464.200874
154	451.113864
155	437.675103
156	423.843643
157	409.603713
158	394.974658
159	380.008301
160	364.777732
161	349.364885
162	333.852577
163	318.321111
164	302.844765
165	287.483477
166	272.269871
167	257.197327
168	242.216588
169	227.245105
170	212.187426
171	196.959896
172	181.511003
173	165.830635
174	149.946548
175	133.912242
176	117.793710
177	101.660770
178	85.583083
179	69.626182
180	53.842783
181	38.259520
182	22.864797
183	7.605216
184	-7.605216
185	-22.864797
186	-38.259520
187	-53.842783
188	-69.626182
189	-85.583083
190	-101.660770
191	-117.793710
192	-133.912242
193	-149.946548
194	-165.830635
195	-181.511003
196	-196.959896
197	-212.187426
198	-227.245105
199	-242.216588
200	-257.197327
201	-272.269871
202	-287.483477
203	-302.844765
204	-318.321111
205	-333.852577
206	-349.364885
207	-364.777732
208	-380.008301
209	-394.974658
210	-409.603713
211	-423.843643
212	-437.675103
213	-451.113864
214	-464.200874
215	-476.981792
216	-489.483273
217	-501.695428
218	-513.568016
219	-525.022750
220	-535.977355
221	-546.372310
222	-556.157657
223	-565.401026
224	-574.184556
225	-582.626850
226	-590.867749
227	-599.051908
228	-607.312116
229	-615.752609
230	-624.433386
231	-633.358296
232	-642.471245
233	-651.664538
234	-660.800065
235	-669.738911
236	-678.370927
237	-686.602524
238	-694.464565
239	-702.008601
240	-709.327908
241	-716.541345
242	-723.776087
243	-731.150214
244	-738.755430
245	-746.640884
246	-754.800865
247	-763.170690
248	-771.634783
249	-780.047648
250	-788.263293
251	-796.164638
252	-803.651153
253	-810.746614
254	-817.495173
255	-823.982248
256	-830.318192
257	-836.620812
258	-842.997713
259	-849.528704
260	-856.249235
261	-863.137620
262	-870.110328
263	-877.029321
264	-883.722137
265	-890.010234
266	-895.737195
267	-900.755087
268	-905.031051
269	-908.542674
270	-911.299141
271	-913.326916
272	-914.656895
273	-915.314738
274	-915.314738
275	-914.656895
276	-913.326916
277	-911.299141
278	-908.542674
279	-905.031051
280	-900.755087
281	-895.737195
282	-890.010234
283	-883.722137
284	-877.029321
285	-870.110328
286	-863.137620
287	-856.249235
288	-849.528704
289	-842.997713
290	-836.620812
291	-830.318192
292	-823.982248
293	-817.495173
294	-810.746614
295	-803.651153
296	-796.164638
297	-788.263293
298	-780.047648
299	-771.634783
300	-763.170690
301	-754.800865
302	-746.640884
303	-738.755430
304	-731.150214
305	-723.776087
306	-716.541345
307	-709.327908
308	-702.008601
309	-694.464565
310	-686.602524
311	-678.370927
312	-669.738911
313	-660.800065
314	-651.664538
315	-642.471245
316	-633.358296
317	-624.433386
318	-615.752609
319	-607.312116
320	-599.051908
321	-590.867749
322	-582.626850
323	-574.184556
324	-565.401026
325	-556.157657
326	-546.372310
327	-535.977355
328	-525.022750
329	-513.568016
330	-501.695428
331	-489.483273
332	-476.981792
333	-464.200874
334	-451.113864
335	-437.675103
336	-423.843643
337	-409.603713
338	-394.974658
339	-380.008301
340	-364.777732
341	-349.364885
342	-333.852577
343	-318.321111
344	-302.844765
345	-287.483477
346	-272.269871
347	-257.197327
348	-242.216588
349	-227.245105
350	-212.187426
351	-196.959896
352	-181.511003
353	-165.830635
354	-149.946548
355	-133.912242
356	-117.793710
357	-101.660770
358	-85.583083
359	-69.626182
360	-53.842783
Line Voltage eab
