Induced Winding Voltages at Rated Speed
Air-Gap Position (elec. degrees)
Voltage (V)
0	-731.228608
1	-731.225708
2	-731.222168
3	-731.217896
4	-731.212780
5	-731.206686
6	-731.199455
7	-731.190897
8	-731.180787
9	-731.168860
10	-731.154597
11	-731.137828
12	-731.118113
13	-731.094931
14	-731.067669
15	-731.035606
16	-730.997891
17	-730.953518
18	-730.901302
19	-730.839841
20	-730.767479
21	-730.682254
22	-730.581838
23	-730.463469
24	-730.323863
25	-730.159105
26	-729.964517
27	-729.734499
28	-729.462323
29	-729.139876
30	-728.757341
31	-728.302780
32	-727.761604
33	-727.115879
34	-726.343418
35	-725.416566
36	-724.300568
37	-722.951329
38	-721.312289
39	-719.309960
40	-716.847375
41	-713.794176
42	-709.971161
43	-705.125633
44	-698.891983
45	-690.730924
46	-679.846764
47	-665.111772
48	-645.111139
49	-618.561030
50	-585.335793
51	-547.661839
52	-509.967217
53	-476.679393
54	-450.023006
55	-429.869380
56	-414.930300
57	-403.785068
58	-395.298335
59	-388.664775
60	-383.333078
61	-378.922730
62	-375.162610
63	-371.850738
64	-368.828535
65	-365.963917
66	-363.139442
67	-360.243129
68	-357.160349
69	-353.765562
70	-349.912633
71	-345.422091
72	-340.062850
73	-333.524435
74	-325.373760
75	-314.989407
76	-301.471957
77	-283.558164
78	-259.650249
79	-228.209150
80	-188.742208
81	-142.936228
82	-94.424303
83	-46.507972
84	0.000000
85	46.507972
86	94.424303
87	142.936228
88	188.742208
89	228.209150
90	259.650249
91	283.558164
92	301.471957
93	314.989407
94	325.373760
95	333.524435
96	340.062850
97	345.422091
98	349.912633
99	353.765562
100	357.160349
101	360.243129
102	363.139442
103	365.963917
104	368.828535
105	371.850738
106	375.162610
107	378.922730
108	383.333078
109	388.664775
110	395.298335
111	403.785068
112	414.930300
113	429.869380
114	450.023006
115	476.679393
116	509.967217
117	547.661839
118	585.335793
119	618.561030
120	645.111139
121	665.111772
122	679.846764
123	690.730924
124	698.891983
125	705.125633
126	709.971161
127	713.794176
128	716.847375
129	719.309960
130	721.312289
131	722.951329
132	724.300568
133	725.416566
134	726.343418
135	727.115879
136	727.761604
137	728.302780
138	728.757341
139	729.139876
140	729.462323
141	729.734499
142	729.964517
143	730.159105
144	730.323863
145	730.463469
146	730.581838
147	730.682254
148	730.767479
149	730.839841
150	730.901302
151	730.953518
152	730.997891
153	731.035606
154	731.067669
155	731.094931
156	731.118113
157	731.137828
158	731.154597
159	731.168860
160	731.180787
161	731.190897
162	731.199455
163	731.206686
164	731.212780
165	731.217896
166	731.222168
167	731.225708
168	731.228608
169	731.230944
170	731.232777
171	731.234156
172	731.235115
173	731.235681
174	731.235868
175	731.235681
176	731.235115
177	731.234156
178	731.232777
179	731.230944
180	731.228608
181	731.225708
182	731.222168
183	731.217896
184	731.212780
185	731.206686
186	731.199455
187	731.190897
188	731.180787
189	731.168860
190	731.154597
191	731.137828
192	731.118113
193	731.094931
194	731.067669
195	731.035606
196	730.997891
197	730.953518
198	730.901302
199	730.839841
200	730.767479
201	730.682254
202	730.581838
203	730.463469
204	730.323863
205	730.159105
206	729.964517
207	729.734499
208	729.462323
209	729.139876
210	728.757341
211	728.302780
212	727.761604
213	727.115879
214	726.343418
215	725.416566
216	724.300568
217	722.951329
218	721.312289
219	719.309960
220	716.847375
221	713.794176
222	709.971161
223	705.125633
224	698.891983
225	690.730924
226	679.846764
227	665.111772
228	645.111139
229	618.561030
230	585.335793
231	547.661839
232	509.967217
233	476.679393
234	450.023006
235	429.869380
236	414.930300
237	403.785068
238	395.298335
239	388.664775
240	383.333078
241	378.922730
242	375.162610
243	371.850738
244	368.828535
245	365.963917
246	363.139442
247	360.243129
248	357.160349
249	353.765562
250	349.912633
251	345.422091
252	340.062850
253	333.524435
254	325.373760
255	314.989407
256	301.471957
257	283.558164
258	259.650249
259	228.209150
260	188.742208
261	142.936228
262	94.424303
263	46.507972
264	0.000000
265	-46.507972
266	-94.424303
267	-142.936228
268	-188.742208
269	-228.209150
270	-259.650249
271	-283.558164
272	-301.471957
273	-314.989407
274	-325.373760
275	-333.524435
276	-340.062850
277	-345.422091
278	-349.912633
279	-353.765562
280	-357.160349
281	-360.243129
282	-363.139442
283	-365.963917
284	-368.828535
285	-371.850738
286	-375.162610
287	-378.922730
288	-383.333078
289	-388.664775
290	-395.298335
291	-403.785068
292	-414.930300
293	-429.869380
294	-450.023006
295	-476.679393
296	-509.967217
297	-547.661839
298	-585.335793
299	-618.561030
300	-645.111139
301	-665.111772
302	-679.846764
303	-690.730924
304	-698.891983
305	-705.125633
306	-709.971161
307	-713.794176
308	-716.847375
309	-719.309960
310	-721.312289
311	-722.951329
312	-724.300568
313	-725.416566
314	-726.343418
315	-727.115879
316	-727.761604
317	-728.302780
318	-728.757341
319	-729.139876
320	-729.462323
321	-729.734499
322	-729.964517
323	-730.159105
324	-730.323863
325	-730.463469
326	-730.581838
327	-730.682254
328	-730.767479
329	-730.839841
330	-730.901302
331	-730.953518
332	-730.997891
333	-731.035606
334	-731.067669
335	-731.094931
336	-731.118113
337	-731.137828
338	-731.154597
339	-731.168860
340	-731.180787
341	-731.190897
342	-731.199455
343	-731.206686
344	-731.212780
345	-731.217896
346	-731.222168
347	-731.225708
348	-731.228608
349	-731.230944
350	-731.232777
351	-731.234156
352	-731.235115
353	-731.235681
354	-731.235868
355	-731.235681
356	-731.235115
357	-731.234156
358	-731.232777
359	-731.230944
360	-731.228608
Phase Voltage ea
0	-1114.561686
1	-1110.148437
2	-1106.384778
3	-1103.068634
4	-1100.041316
5	-1097.170603
6	-1094.338897
7	-1091.434026
8	-1088.341136
9	-1084.934422
10	-1081.067230
11	-1076.559919
12	-1071.180963
13	-1064.619366
14	-1056.441429
15	-1046.025013
16	-1032.469848
17	-1014.511682
18	-990.551550
19	-959.048992
20	-919.509688
21	-873.618482
22	-825.006140
23	-776.971441
24	-730.323863
25	-683.651133
26	-635.540214
27	-586.798271
28	-540.720115
29	-500.930726
30	-469.107092
31	-444.744616
32	-426.289646
33	-412.126472
34	-400.969658
35	-391.892131
36	-384.237718
37	-377.529238
38	-371.399656
39	-365.544398
40	-359.687026
41	-353.551047
42	-346.831719
43	-339.161716
44	-330.063447
45	-318.880186
46	-304.684155
47	-286.189042
48	-261.778060
49	-229.896256
50	-190.037458
51	-143.876771
52	-95.036917
53	-46.810013
54	0.000000
55	46.810013
56	95.036917
57	143.876771
58	190.037458
59	229.896256
60	261.778060
61	286.189042
62	304.684155
63	318.880186
64	330.063447
65	339.161716
66	346.831719
67	353.551047
68	359.687026
69	365.544398
70	371.399656
71	377.529238
72	384.237718
73	391.892131
74	400.969658
75	412.126472
76	426.289646
77	444.744616
78	469.107092
79	500.930726
80	540.720115
81	586.798271
82	635.540214
83	683.651133
84	730.323863
85	776.971441
86	825.006140
87	873.618482
88	919.509688
89	959.048992
90	990.551550
91	1014.511682
92	1032.469848
93	1046.025013
94	1056.441429
95	1064.619366
96	1071.180963
97	1076.559919
98	1081.067230
99	1084.934422
100	1088.341136
101	1091.434026
102	1094.338897
103	1097.170603
104	1100.041316
105	1103.068634
106	1106.384778
107	1110.148437
108	1114.561686
109	1119.895719
110	1126.531112
111	1135.019224
112	1146.165415
113	1161.105061
114	1181.258875
115	1207.915074
116	1241.202333
117	1278.895994
118	1316.568570
119	1349.791974
120	1376.339746
121	1396.337479
122	1411.068932
123	1421.948820
124	1430.104763
125	1436.332320
126	1441.170616
127	1444.985073
128	1448.028162
129	1450.478820
130	1452.466886
131	1454.089157
132	1455.418681
133	1456.511497
134	1457.411087
135	1458.151485
136	1458.759494
137	1459.256298
138	1459.658643
139	1459.979718
140	1460.229802
141	1460.416753
142	1460.546354
143	1460.622574
144	1460.647726
145	1460.622574
146	1460.546354
147	1460.416753
148	1460.229802
149	1459.979718
150	1459.658643
151	1459.256298
152	1458.759494
153	1458.151485
154	1457.411087
155	1456.511497
156	1455.418681
157	1454.089157
158	1452.466886
159	1450.478820
160	1448.028162
161	1444.985073
162	1441.170616
163	1436.332320
164	1430.104763
165	1421.948820
166	1411.068932
167	1396.337479
168	1376.339746
169	1349.791974
170	1316.568570
171	1278.895994
172	1241.202333
173	1207.915074
174	1181.258875
175	1161.105061
176	1146.165415
177	1135.019224
178	1126.531112
179	1119.895719
180	1114.561686
181	1110.148437
182	1106.384778
183	1103.068634
184	1100.041316
185	1097.170603
186	1094.338897
187	1091.434026
188	1088.341136
189	1084.934422
190	1081.067230
191	1076.559919
192	1071.180963
193	1064.619366
194	1056.441429
195	1046.025013
196	1032.469848
197	1014.511682
198	990.551550
199	959.048992
200	919.509688
201	873.618482
202	825.006140
203	776.971441
204	730.323863
205	683.651133
206	635.540214
207	586.798271
208	540.720115
209	500.930726
210	469.107092
211	444.744616
212	426.289646
213	412.126472
214	400.969658
215	391.892131
216	384.237718
217	377.529238
218	371.399656
219	365.544398
220	359.687026
221	353.551047
222	346.831719
223	339.161716
224	330.063447
225	318.880186
226	304.684155
227	286.189042
228	261.778060
229	229.896256
230	190.037458
231	143.876771
232	95.036917
233	46.810013
234	0.000000
235	-46.810013
236	-95.036917
237	-143.876771
238	-190.037458
239	-229.896256
240	-261.778060
241	-286.189042
242	-304.684155
243	-318.880186
244	-330.063447
245	-339.161716
246	-346.831719
247	-353.551047
248	-359.687026
249	-365.544398
250	-371.399656
251	-377.529238
252	-384.237718
253	-391.892131
254	-400.969658
255	-412.126472
256	-426.289646
257	-444.744616
258	-469.107092
259	-500.930726
260	-540.720115
261	-586.798271
262	-635.540214
263	-683.651133
264	-730.323863
265	-776.971441
266	-825.006140
267	-873.618482
268	-919.509688
269	-959.048992
270	-990.551550
271	-1014.511682
272	-1032.469848
273	-1046.025013
274	-1056.441429
275	-1064.619366
276	-1071.180963
277	-1076.559919
278	-1081.067230
279	-1084.934422
280	-1088.341136
281	-1091.434026
282	-1094.338897
283	-1097.170603
284	-1100.041316
285	-1103.068634
286	-1106.384778
287	-1110.148437
288	-1114.561686
289	-1119.895719
290	-1126.531112
291	-1135.019224
292	-1146.165415
293	-1161.105061
294	-1181.258875
295	-1207.915074
296	-1241.202333
297	-1278.895994
298	-1316.568570
299	-1349.791974
300	-1376.339746
301	-1396.337479
302	-1411.068932
303	-1421.948820
304	-1430.104763
305	-1436.332320
306	-1441.170616
307	-1444.985073
308	-1448.028162
309	-1450.478820
310	-1452.466886
311	-1454.089157
312	-1455.418681
313	-1456.511497
314	-1457.411087
315	-1458.151485
316	-1458.759494
317	-1459.256298
318	-1459.658643
319	-1459.979718
320	-1460.229802
321	-1460.416753
322	-1460.546354
323	-1460.622574
324	-1460.647726
325	-1460.622574
326	-1460.546354
327	-1460.416753
328	-1460.229802
329	-1459.979718
330	-1459.658643
331	-1459.256298
332	-1458.759494
333	-1458.151485
334	-1457.411087
335	-1456.511497
336	-1455.418681
337	-1454.089157
338	-1452.466886
339	-1450.478820
340	-1448.028162
341	-1444.985073
342	-1441.170616
343	-1436.332320
344	-1430.104763
345	-1421.948820
346	-1411.068932
347	-1396.337479
348	-1376.339746
349	-1349.791974
350	-1316.568570
351	-1278.895994
352	-1241.202333
353	-1207.915074
354	-1181.258875
355	-1161.105061
356	-1146.165415
357	-1135.019224
358	-1126.531112
359	-1119.895719
360	-1114.561686
Line Voltage eab
