Winding Currents under Load 
Air-Gap Position (elec. degrees)
Current (A)
0	-4.06039
1	-3.96084
2	-3.86009
3	-3.75815
4	-3.65508
5	-3.55089
6	-3.44562
7	-3.33929
8	-3.23196
9	-3.12363
10	-3.01436
11	-2.90417
12	-2.79309
13	-2.68116
14	-2.56842
15	-2.45489
16	-2.34062
17	-2.22563
18	-2.10996
19	-1.99365
20	-1.87674
21	-1.75925
22	-1.64123
23	-1.5227
24	-1.40372
25	-1.2843
26	-1.1645
27	-1.04434
28	-0.923858
29	-0.803097
30	-0.682093
31	-0.56088
32	-0.439497
33	-0.31798
34	-0.196366
35	-0.0746919
36	0.0470048
37	0.168687
38	0.290318
39	0.41186
40	0.533278
41	0.654532
42	0.775587
43	0.896406
44	1.01695
45	1.13719
46	1.25708
47	1.37658
48	1.49567
49	1.6143
50	1.73244
51	1.85006
52	1.96711
53	2.08356
54	2.19937
55	2.31452
56	2.42896
57	2.54266
58	2.65558
59	2.7677
60	2.87897
61	2.98937
62	3.09885
63	3.2074
64	3.31496
65	3.42152
66	3.52703
67	3.63147
68	3.7348
69	3.837
70	3.93802
71	4.03785
72	4.13645
73	4.23378
74	4.32983
75	4.42456
76	4.51794
77	4.60994
78	4.70054
79	4.78971
80	4.87742
81	4.96364
82	5.04835
83	5.13153
84	5.21314
85	5.29316
86	5.37157
87	5.44835
88	5.52346
89	5.59689
90	5.66862
91	5.73862
92	5.80687
93	5.87335
94	5.93805
95	6.00093
96	6.06199
97	6.1212
98	6.17855
99	6.23401
100	6.28758
101	6.33923
102	6.38895
103	6.43672
104	6.48253
105	6.52637
106	6.56822
107	6.60807
108	6.64591
109	6.68172
110	6.71549
111	6.74723
112	6.7769
113	6.80451
114	6.83005
115	6.85351
116	6.87488
117	6.89416
118	6.91133
119	6.9264
120	6.93936
121	6.95021
122	6.95894
123	6.96555
124	6.97004
125	6.97241
126	6.97265
127	6.97076
128	6.96676
129	6.96063
130	6.95238
131	6.94202
132	6.92954
133	6.91495
134	6.89825
135	6.87945
136	6.85855
137	6.83557
138	6.8105
139	6.78336
140	6.75416
141	6.72289
142	6.68958
143	6.65423
144	6.61686
145	6.57746
146	6.53607
147	6.49268
148	6.44732
149	6.39999
150	6.35071
151	6.2995
152	6.24637
153	6.19133
154	6.13441
155	6.07563
156	6.01499
157	5.95252
158	5.88823
159	5.82215
160	5.7543
161	5.6847
162	5.61336
163	5.54032
164	5.46558
165	5.38918
166	5.31114
167	5.23149
168	5.15023
169	5.06741
170	4.98305
171	4.89717
172	4.8098
173	4.72096
174	4.63068
175	4.53899
176	4.44592
177	4.3515
178	4.25575
179	4.1587
180	4.06039
181	3.96084
182	3.86009
183	3.75815
184	3.65508
185	3.55089
186	3.44562
187	3.33929
188	3.23196
189	3.12363
190	3.01436
191	2.90417
192	2.79309
193	2.68116
194	2.56842
195	2.45489
196	2.34062
197	2.22563
198	2.10996
199	1.99365
200	1.87674
201	1.75925
202	1.64123
203	1.5227
204	1.40372
205	1.2843
206	1.1645
207	1.04434
208	0.923858
209	0.803097
210	0.682093
211	0.56088
212	0.439497
213	0.31798
214	0.196366
215	0.0746919
216	-0.0470048
217	-0.168687
218	-0.290318
219	-0.41186
220	-0.533278
221	-0.654532
222	-0.775587
223	-0.896406
224	-1.01695
225	-1.13719
226	-1.25708
227	-1.37658
228	-1.49567
229	-1.6143
230	-1.73244
231	-1.85006
232	-1.96711
233	-2.08356
234	-2.19937
235	-2.31452
236	-2.42896
237	-2.54266
238	-2.65558
239	-2.7677
240	-2.87897
241	-2.98937
242	-3.09885
243	-3.2074
244	-3.31496
245	-3.42152
246	-3.52703
247	-3.63147
248	-3.7348
249	-3.837
250	-3.93802
251	-4.03785
252	-4.13645
253	-4.23378
254	-4.32983
255	-4.42456
256	-4.51794
257	-4.60994
258	-4.70054
259	-4.78971
260	-4.87742
261	-4.96364
262	-5.04835
263	-5.13153
264	-5.21314
265	-5.29316
266	-5.37157
267	-5.44835
268	-5.52346
269	-5.59689
270	-5.66862
271	-5.73862
272	-5.80687
273	-5.87335
274	-5.93805
275	-6.00093
276	-6.06199
277	-6.1212
278	-6.17855
279	-6.23401
280	-6.28758
281	-6.33923
282	-6.38895
283	-6.43672
284	-6.48253
285	-6.52637
286	-6.56822
287	-6.60807
288	-6.64591
289	-6.68172
290	-6.71549
291	-6.74723
292	-6.7769
293	-6.80451
294	-6.83005
295	-6.85351
296	-6.87488
297	-6.89416
298	-6.91133
299	-6.9264
300	-6.93936
301	-6.95021
302	-6.95894
303	-6.96555
304	-6.97004
305	-6.97241
306	-6.97265
307	-6.97076
308	-6.96676
309	-6.96063
310	-6.95238
311	-6.94202
312	-6.92954
313	-6.91495
314	-6.89825
315	-6.87945
316	-6.85855
317	-6.83557
318	-6.8105
319	-6.78336
320	-6.75416
321	-6.72289
322	-6.68958
323	-6.65423
324	-6.61686
325	-6.57746
326	-6.53607
327	-6.49268
328	-6.44732
329	-6.39999
330	-6.35071
331	-6.2995
332	-6.24637
333	-6.19133
334	-6.13441
335	-6.07563
336	-6.01499
337	-5.95252
338	-5.88823
339	-5.82215
340	-5.7543
341	-5.6847
342	-5.61336
343	-5.54032
344	-5.46558
345	-5.38918
346	-5.31114
347	-5.23149
348	-5.15023
349	-5.06741
350	-4.98305
351	-4.89717
352	-4.8098
353	-4.72096
354	-4.63068
355	-4.53899
356	-4.44592
357	-4.3515
358	-4.25575
359	-4.1587
360	-4.06039
Phase Current ia
0	-2.87897
1	-2.98937
2	-3.09885
3	-3.2074
4	-3.31496
5	-3.42152
6	-3.52703
7	-3.63147
8	-3.7348
9	-3.837
10	-3.93802
11	-4.03785
12	-4.13645
13	-4.23378
14	-4.32983
15	-4.42456
16	-4.51794
17	-4.60994
18	-4.70054
19	-4.78971
20	-4.87742
21	-4.96364
22	-5.04835
23	-5.13153
24	-5.21314
25	-5.29316
26	-5.37157
27	-5.44835
28	-5.52346
29	-5.59689
30	-5.66862
31	-5.73862
32	-5.80687
33	-5.87335
34	-5.93805
35	-6.00093
36	-6.06199
37	-6.1212
38	-6.17855
39	-6.23401
40	-6.28758
41	-6.33923
42	-6.38895
43	-6.43672
44	-6.48253
45	-6.52637
46	-6.56822
47	-6.60807
48	-6.64591
49	-6.68172
50	-6.71549
51	-6.74723
52	-6.7769
53	-6.80451
54	-6.83005
55	-6.85351
56	-6.87488
57	-6.89416
58	-6.91133
59	-6.9264
60	-6.93936
61	-6.95021
62	-6.95894
63	-6.96555
64	-6.97004
65	-6.97241
66	-6.97265
67	-6.97076
68	-6.96676
69	-6.96063
70	-6.95238
71	-6.94202
72	-6.92954
73	-6.91495
74	-6.89825
75	-6.87945
76	-6.85855
77	-6.83557
78	-6.8105
79	-6.78336
80	-6.75416
81	-6.72289
82	-6.68958
83	-6.65423
84	-6.61686
85	-6.57746
86	-6.53607
87	-6.49268
88	-6.44732
89	-6.39999
90	-6.35071
91	-6.2995
92	-6.24637
93	-6.19133
94	-6.13441
95	-6.07563
96	-6.01499
97	-5.95252
98	-5.88823
99	-5.82215
100	-5.7543
101	-5.6847
102	-5.61336
103	-5.54032
104	-5.46558
105	-5.38918
106	-5.31114
107	-5.23149
108	-5.15023
109	-5.06741
110	-4.98305
111	-4.89717
112	-4.8098
113	-4.72096
114	-4.63068
115	-4.53899
116	-4.44592
117	-4.3515
118	-4.25575
119	-4.1587
120	-4.06039
121	-3.96084
122	-3.86009
123	-3.75815
124	-3.65508
125	-3.55089
126	-3.44562
127	-3.33929
128	-3.23196
129	-3.12363
130	-3.01436
131	-2.90417
132	-2.79309
133	-2.68116
134	-2.56842
135	-2.45489
136	-2.34062
137	-2.22563
138	-2.10996
139	-1.99365
140	-1.87674
141	-1.75925
142	-1.64123
143	-1.5227
144	-1.40372
145	-1.2843
146	-1.1645
147	-1.04434
148	-0.923858
149	-0.803097
150	-0.682093
151	-0.56088
152	-0.439497
153	-0.31798
154	-0.196366
155	-0.0746919
156	0.0470048
157	0.168687
158	0.290318
159	0.41186
160	0.533278
161	0.654532
162	0.775587
163	0.896406
164	1.01695
165	1.13719
166	1.25708
167	1.37658
168	1.49567
169	1.6143
170	1.73244
171	1.85006
172	1.96711
173	2.08356
174	2.19937
175	2.31452
176	2.42896
177	2.54266
178	2.65558
179	2.7677
180	2.87897
181	2.98937
182	3.09885
183	3.2074
184	3.31496
185	3.42152
186	3.52703
187	3.63147
188	3.7348
189	3.837
190	3.93802
191	4.03785
192	4.13645
193	4.23378
194	4.32983
195	4.42456
196	4.51794
197	4.60994
198	4.70054
199	4.78971
200	4.87742
201	4.96364
202	5.04835
203	5.13153
204	5.21314
205	5.29316
206	5.37157
207	5.44835
208	5.52346
209	5.59689
210	5.66862
211	5.73862
212	5.80687
213	5.87335
214	5.93805
215	6.00093
216	6.06199
217	6.1212
218	6.17855
219	6.23401
220	6.28758
221	6.33923
222	6.38895
223	6.43672
224	6.48253
225	6.52637
226	6.56822
227	6.60807
228	6.64591
229	6.68172
230	6.71549
231	6.74723
232	6.7769
233	6.80451
234	6.83005
235	6.85351
236	6.87488
237	6.89416
238	6.91133
239	6.9264
240	6.93936
241	6.95021
242	6.95894
243	6.96555
244	6.97004
245	6.97241
246	6.97265
247	6.97076
248	6.96676
249	6.96063
250	6.95238
251	6.94202
252	6.92954
253	6.91495
254	6.89825
255	6.87945
256	6.85855
257	6.83557
258	6.8105
259	6.78336
260	6.75416
261	6.72289
262	6.68958
263	6.65423
264	6.61686
265	6.57746
266	6.53607
267	6.49268
268	6.44732
269	6.39999
270	6.35071
271	6.2995
272	6.24637
273	6.19133
274	6.13441
275	6.07563
276	6.01499
277	5.95252
278	5.88823
279	5.82215
280	5.7543
281	5.6847
282	5.61336
283	5.54032
284	5.46558
285	5.38918
286	5.31114
287	5.23149
288	5.15023
289	5.06741
290	4.98305
291	4.89717
292	4.8098
293	4.72096
294	4.63068
295	4.53899
296	4.44592
297	4.3515
298	4.25575
299	4.1587
300	4.06039
301	3.96084
302	3.86009
303	3.75815
304	3.65508
305	3.55089
306	3.44562
307	3.33929
308	3.23196
309	3.12363
310	3.01436
311	2.90417
312	2.79309
313	2.68116
314	2.56842
315	2.45489
316	2.34062
317	2.22563
318	2.10996
319	1.99365
320	1.87674
321	1.75925
322	1.64123
323	1.5227
324	1.40372
325	1.2843
326	1.1645
327	1.04434
328	0.923858
329	0.803097
330	0.682093
331	0.56088
332	0.439497
333	0.31798
334	0.196366
335	0.0746919
336	-0.0470048
337	-0.168687
338	-0.290318
339	-0.41186
340	-0.533278
341	-0.654532
342	-0.775587
343	-0.896406
344	-1.01695
345	-1.13719
346	-1.25708
347	-1.37658
348	-1.49567
349	-1.6143
350	-1.73244
351	-1.85006
352	-1.96711
353	-2.08356
354	-2.19937
355	-2.31452
356	-2.42896
357	-2.54266
358	-2.65558
359	-2.7677
360	-2.87897
Phase Current ib
0	6.93936
1	6.95021
2	6.95894
3	6.96555
4	6.97004
5	6.97241
6	6.97265
7	6.97076
8	6.96676
9	6.96063
10	6.95238
11	6.94202
12	6.92954
13	6.91495
14	6.89825
15	6.87945
16	6.85855
17	6.83557
18	6.8105
19	6.78336
20	6.75416
21	6.72289
22	6.68958
23	6.65423
24	6.61686
25	6.57746
26	6.53607
27	6.49268
28	6.44732
29	6.39999
30	6.35071
31	6.2995
32	6.24637
33	6.19133
34	6.13441
35	6.07563
36	6.01499
37	5.95252
38	5.88823
39	5.82215
40	5.7543
41	5.6847
42	5.61336
43	5.54032
44	5.46558
45	5.38918
46	5.31114
47	5.23149
48	5.15023
49	5.06741
50	4.98305
51	4.89717
52	4.8098
53	4.72096
54	4.63068
55	4.53899
56	4.44592
57	4.3515
58	4.25575
59	4.1587
60	4.06039
61	3.96084
62	3.86009
63	3.75815
64	3.65508
65	3.55089
66	3.44562
67	3.33929
68	3.23196
69	3.12363
70	3.01436
71	2.90417
72	2.79309
73	2.68116
74	2.56842
75	2.45489
76	2.34062
77	2.22563
78	2.10996
79	1.99365
80	1.87674
81	1.75925
82	1.64123
83	1.5227
84	1.40372
85	1.2843
86	1.1645
87	1.04434
88	0.923858
89	0.803097
90	0.682093
91	0.56088
92	0.439497
93	0.31798
94	0.196366
95	0.0746919
96	-0.0470048
97	-0.168687
98	-0.290318
99	-0.41186
100	-0.533278
101	-0.654532
102	-0.775587
103	-0.896406
104	-1.01695
105	-1.13719
106	-1.25708
107	-1.37658
108	-1.49567
109	-1.6143
110	-1.73244
111	-1.85006
112	-1.96711
113	-2.08356
114	-2.19937
115	-2.31452
116	-2.42896
117	-2.54266
118	-2.65558
119	-2.7677
120	-2.87897
121	-2.98937
122	-3.09885
123	-3.2074
124	-3.31496
125	-3.42152
126	-3.52703
127	-3.63147
128	-3.7348
129	-3.837
130	-3.93802
131	-4.03785
132	-4.13645
133	-4.23378
134	-4.32983
135	-4.42456
136	-4.51794
137	-4.60994
138	-4.70054
139	-4.78971
140	-4.87742
141	-4.96364
142	-5.04835
143	-5.13153
144	-5.21314
145	-5.29316
146	-5.37157
147	-5.44835
148	-5.52346
149	-5.59689
150	-5.66862
151	-5.73862
152	-5.80687
153	-5.87335
154	-5.93805
155	-6.00093
156	-6.06199
157	-6.1212
158	-6.17855
159	-6.23401
160	-6.28758
161	-6.33923
162	-6.38895
163	-6.43672
164	-6.48253
165	-6.52637
166	-6.56822
167	-6.60807
168	-6.64591
169	-6.68172
170	-6.71549
171	-6.74723
172	-6.7769
173	-6.80451
174	-6.83005
175	-6.85351
176	-6.87488
177	-6.89416
178	-6.91133
179	-6.9264
180	-6.93936
181	-6.95021
182	-6.95894
183	-6.96555
184	-6.97004
185	-6.97241
186	-6.97265
187	-6.97076
188	-6.96676
189	-6.96063
190	-6.95238
191	-6.94202
192	-6.92954
193	-6.91495
194	-6.89825
195	-6.87945
196	-6.85855
197	-6.83557
198	-6.8105
199	-6.78336
200	-6.75416
201	-6.72289
202	-6.68958
203	-6.65423
204	-6.61686
205	-6.57746
206	-6.53607
207	-6.49268
208	-6.44732
209	-6.39999
210	-6.35071
211	-6.2995
212	-6.24637
213	-6.19133
214	-6.13441
215	-6.07563
216	-6.01499
217	-5.95252
218	-5.88823
219	-5.82215
220	-5.7543
221	-5.6847
222	-5.61336
223	-5.54032
224	-5.46558
225	-5.38918
226	-5.31114
227	-5.23149
228	-5.15023
229	-5.06741
230	-4.98305
231	-4.89717
232	-4.8098
233	-4.72096
234	-4.63068
235	-4.53899
236	-4.44592
237	-4.3515
238	-4.25575
239	-4.1587
240	-4.06039
241	-3.96084
242	-3.86009
243	-3.75815
244	-3.65508
245	-3.55089
246	-3.44562
247	-3.33929
248	-3.23196
249	-3.12363
250	-3.01436
251	-2.90417
252	-2.79309
253	-2.68116
254	-2.56842
255	-2.45489
256	-2.34062
257	-2.22563
258	-2.10996
259	-1.99365
260	-1.87674
261	-1.75925
262	-1.64123
263	-1.5227
264	-1.40372
265	-1.2843
266	-1.1645
267	-1.04434
268	-0.923858
269	-0.803097
270	-0.682093
271	-0.56088
272	-0.439497
273	-0.31798
274	-0.196366
275	-0.0746919
276	0.0470048
277	0.168687
278	0.290318
279	0.41186
280	0.533278
281	0.654532
282	0.775587
283	0.896406
284	1.01695
285	1.13719
286	1.25708
287	1.37658
288	1.49567
289	1.6143
290	1.73244
291	1.85006
292	1.96711
293	2.08356
294	2.19937
295	2.31452
296	2.42896
297	2.54266
298	2.65558
299	2.7677
300	2.87897
301	2.98937
302	3.09885
303	3.2074
304	3.31496
305	3.42152
306	3.52703
307	3.63147
308	3.7348
309	3.837
310	3.93802
311	4.03785
312	4.13645
313	4.23378
314	4.32983
315	4.42456
316	4.51794
317	4.60994
318	4.70054
319	4.78971
320	4.87742
321	4.96364
322	5.04835
323	5.13153
324	5.21314
325	5.29316
326	5.37157
327	5.44835
328	5.52346
329	5.59689
330	5.66862
331	5.73862
332	5.80687
333	5.87335
334	5.93805
335	6.00093
336	6.06199
337	6.1212
338	6.17855
339	6.23401
340	6.28758
341	6.33923
342	6.38895
343	6.43672
344	6.48253
345	6.52637
346	6.56822
347	6.60807
348	6.64591
349	6.68172
350	6.71549
351	6.74723
352	6.7769
353	6.80451
354	6.83005
355	6.85351
356	6.87488
357	6.89416
358	6.91133
359	6.9264
360	6.93936
Phase Current ic
