Winding Voltages under Load 
Air-Gap Position (elec. degrees)
Voltage (V)
0	0
1	14.2493
2	28.4942
3	42.7305
4	56.9538
5	71.1597
6	85.3439
7	99.5021
8	113.63
9	127.723
10	141.778
11	155.789
12	169.753
13	183.665
14	197.521
15	211.317
16	225.048
17	238.711
18	252.302
19	265.815
20	279.248
21	292.595
22	305.853
23	319.019
24	332.086
25	345.053
26	357.915
27	370.668
28	383.307
29	395.83
30	408.233
31	420.511
32	432.661
33	444.679
34	456.562
35	468.305
36	479.906
37	491.361
38	502.666
39	513.818
40	524.814
41	535.65
42	546.322
43	556.828
44	567.165
45	577.328
46	587.316
47	597.125
48	606.752
49	616.194
50	625.449
51	634.513
52	643.384
53	652.058
54	660.535
55	668.809
56	676.881
57	684.746
58	692.402
59	699.848
60	707.08
61	714.097
62	720.896
63	727.476
64	733.834
65	739.969
66	745.878
67	751.561
68	757.014
69	762.236
70	767.227
71	771.983
72	776.505
73	780.79
74	784.837
75	788.645
76	792.213
77	795.54
78	798.624
79	801.465
80	804.062
81	806.414
82	808.52
83	810.38
84	811.993
85	813.359
86	814.477
87	815.347
88	815.968
89	816.341
90	816.466
91	816.341
92	815.968
93	815.347
94	814.477
95	813.359
96	811.993
97	810.38
98	808.52
99	806.414
100	804.062
101	801.465
102	798.624
103	795.54
104	792.213
105	788.645
106	784.837
107	780.79
108	776.505
109	771.983
110	767.227
111	762.236
112	757.014
113	751.561
114	745.878
115	739.969
116	733.834
117	727.476
118	720.896
119	714.097
120	707.08
121	699.848
122	692.402
123	684.746
124	676.881
125	668.809
126	660.535
127	652.058
128	643.384
129	634.513
130	625.449
131	616.194
132	606.752
133	597.125
134	587.316
135	577.328
136	567.165
137	556.828
138	546.322
139	535.65
140	524.814
141	513.818
142	502.666
143	491.361
144	479.906
145	468.305
146	456.562
147	444.679
148	432.661
149	420.511
150	408.233
151	395.83
152	383.307
153	370.668
154	357.915
155	345.053
156	332.086
157	319.019
158	305.853
159	292.595
160	279.248
161	265.815
162	252.302
163	238.711
164	225.048
165	211.317
166	197.521
167	183.665
168	169.753
169	155.789
170	141.778
171	127.723
172	113.63
173	99.5021
174	85.3439
175	71.1597
176	56.9538
177	42.7305
178	28.4942
179	14.2493
180	9.99882e-14
181	-14.2493
182	-28.4942
183	-42.7305
184	-56.9538
185	-71.1597
186	-85.3439
187	-99.5021
188	-113.63
189	-127.723
190	-141.778
191	-155.789
192	-169.753
193	-183.665
194	-197.521
195	-211.317
196	-225.048
197	-238.711
198	-252.302
199	-265.815
200	-279.248
201	-292.595
202	-305.853
203	-319.019
204	-332.086
205	-345.053
206	-357.915
207	-370.668
208	-383.307
209	-395.83
210	-408.233
211	-420.511
212	-432.661
213	-444.679
214	-456.562
215	-468.305
216	-479.906
217	-491.361
218	-502.666
219	-513.818
220	-524.814
221	-535.65
222	-546.322
223	-556.828
224	-567.165
225	-577.328
226	-587.316
227	-597.125
228	-606.752
229	-616.194
230	-625.449
231	-634.513
232	-643.384
233	-652.058
234	-660.535
235	-668.809
236	-676.881
237	-684.746
238	-692.402
239	-699.848
240	-707.08
241	-714.097
242	-720.896
243	-727.476
244	-733.834
245	-739.969
246	-745.878
247	-751.561
248	-757.014
249	-762.236
250	-767.227
251	-771.983
252	-776.505
253	-780.79
254	-784.837
255	-788.645
256	-792.213
257	-795.54
258	-798.624
259	-801.465
260	-804.062
261	-806.414
262	-808.52
263	-810.38
264	-811.993
265	-813.359
266	-814.477
267	-815.347
268	-815.968
269	-816.341
270	-816.466
271	-816.341
272	-815.968
273	-815.347
274	-814.477
275	-813.359
276	-811.993
277	-810.38
278	-808.52
279	-806.414
280	-804.062
281	-801.465
282	-798.624
283	-795.54
284	-792.213
285	-788.645
286	-784.837
287	-780.79
288	-776.505
289	-771.983
290	-767.227
291	-762.236
292	-757.014
293	-751.561
294	-745.878
295	-739.969
296	-733.834
297	-727.476
298	-720.896
299	-714.097
300	-707.08
301	-699.848
302	-692.402
303	-684.746
304	-676.881
305	-668.809
306	-660.535
307	-652.058
308	-643.384
309	-634.513
310	-625.449
311	-616.194
312	-606.752
313	-597.125
314	-587.316
315	-577.328
316	-567.165
317	-556.828
318	-546.322
319	-535.65
320	-524.814
321	-513.818
322	-502.666
323	-491.361
324	-479.906
325	-468.305
326	-456.562
327	-444.679
328	-432.661
329	-420.511
330	-408.233
331	-395.83
332	-383.307
333	-370.668
334	-357.915
335	-345.053
336	-332.086
337	-319.019
338	-305.853
339	-292.595
340	-279.248
341	-265.815
342	-252.302
343	-238.711
344	-225.048
345	-211.317
346	-197.521
347	-183.665
348	-169.753
349	-155.789
350	-141.778
351	-127.723
352	-113.63
353	-99.5021
354	-85.3439
355	-71.1597
356	-56.9538
357	-42.7305
358	-28.4942
359	-14.2493
360	-1.99976e-13
Phase Voltage va
0	707.08
1	728.346
2	749.391
3	770.207
4	790.788
5	811.129
6	831.222
7	851.063
8	870.644
9	889.96
10	909.004
11	927.772
12	946.258
13	964.455
14	982.358
15	999.962
16	1017.26
17	1034.25
18	1050.93
19	1067.28
20	1083.31
21	1099.01
22	1114.37
23	1129.4
24	1144.08
25	1158.41
26	1172.39
27	1186.01
28	1199.28
29	1212.17
30	1224.7
31	1236.85
32	1248.63
33	1260.03
34	1271.04
35	1281.66
36	1291.9
37	1301.74
38	1311.19
39	1320.23
40	1328.88
41	1337.11
42	1344.95
43	1352.37
44	1359.38
45	1365.97
46	1372.15
47	1377.92
48	1383.26
49	1388.18
50	1392.68
51	1396.75
52	1400.4
53	1403.62
54	1406.41
55	1408.78
56	1410.72
57	1412.22
58	1413.3
59	1413.94
60	1414.16
61	1413.94
62	1413.3
63	1412.22
64	1410.72
65	1408.78
66	1406.41
67	1403.62
68	1400.4
69	1396.75
70	1392.68
71	1388.18
72	1383.26
73	1377.92
74	1372.15
75	1365.97
76	1359.38
77	1352.37
78	1344.95
79	1337.11
80	1328.88
81	1320.23
82	1311.19
83	1301.74
84	1291.9
85	1281.66
86	1271.04
87	1260.03
88	1248.63
89	1236.85
90	1224.7
91	1212.17
92	1199.28
93	1186.01
94	1172.39
95	1158.41
96	1144.08
97	1129.4
98	1114.37
99	1099.01
100	1083.31
101	1067.28
102	1050.93
103	1034.25
104	1017.26
105	999.962
106	982.358
107	964.455
108	946.258
109	927.772
110	909.004
111	889.96
112	870.644
113	851.063
114	831.222
115	811.129
116	790.788
117	770.207
118	749.391
119	728.346
120	707.08
121	685.598
122	663.908
123	642.015
124	619.927
125	597.65
126	575.191
127	552.556
128	529.754
129	506.79
130	483.671
131	460.405
132	436.999
133	413.46
134	389.795
135	366.011
136	342.116
137	318.117
138	294.02
139	269.834
140	245.566
141	221.223
142	196.813
143	172.343
144	147.82
145	123.252
146	98.6468
147	74.0114
148	49.3535
149	24.6805
150	-2.27374e-13
151	-24.6805
152	-49.3535
153	-74.0114
154	-98.6468
155	-123.252
156	-147.82
157	-172.343
158	-196.813
159	-221.223
160	-245.566
161	-269.834
162	-294.02
163	-318.117
164	-342.116
165	-366.011
166	-389.795
167	-413.46
168	-436.999
169	-460.405
170	-483.671
171	-506.79
172	-529.754
173	-552.556
174	-575.191
175	-597.65
176	-619.927
177	-642.015
178	-663.908
179	-685.598
180	-707.08
181	-728.346
182	-749.391
183	-770.207
184	-790.788
185	-811.129
186	-831.222
187	-851.063
188	-870.644
189	-889.96
190	-909.004
191	-927.772
192	-946.258
193	-964.455
194	-982.358
195	-999.962
196	-1017.26
197	-1034.25
198	-1050.93
199	-1067.28
200	-1083.31
201	-1099.01
202	-1114.37
203	-1129.4
204	-1144.08
205	-1158.41
206	-1172.39
207	-1186.01
208	-1199.28
209	-1212.17
210	-1224.7
211	-1236.85
212	-1248.63
213	-1260.03
214	-1271.04
215	-1281.66
216	-1291.9
217	-1301.74
218	-1311.19
219	-1320.23
220	-1328.88
221	-1337.11
222	-1344.95
223	-1352.37
224	-1359.38
225	-1365.97
226	-1372.15
227	-1377.92
228	-1383.26
229	-1388.18
230	-1392.68
231	-1396.75
232	-1400.4
233	-1403.62
234	-1406.41
235	-1408.78
236	-1410.72
237	-1412.22
238	-1413.3
239	-1413.94
240	-1414.16
241	-1413.94
242	-1413.3
243	-1412.22
244	-1410.72
245	-1408.78
246	-1406.41
247	-1403.62
248	-1400.4
249	-1396.75
250	-1392.68
251	-1388.18
252	-1383.26
253	-1377.92
254	-1372.15
255	-1365.97
256	-1359.38
257	-1352.37
258	-1344.95
259	-1337.11
260	-1328.88
261	-1320.23
262	-1311.19
263	-1301.74
264	-1291.9
265	-1281.66
266	-1271.04
267	-1260.03
268	-1248.63
269	-1236.85
270	-1224.7
271	-1212.17
272	-1199.28
273	-1186.01
274	-1172.39
275	-1158.41
276	-1144.08
277	-1129.4
278	-1114.37
279	-1099.01
280	-1083.31
281	-1067.28
282	-1050.93
283	-1034.25
284	-1017.26
285	-999.962
286	-982.358
287	-964.455
288	-946.258
289	-927.772
290	-909.004
291	-889.96
292	-870.644
293	-851.063
294	-831.222
295	-811.129
296	-790.788
297	-770.207
298	-749.391
299	-728.346
300	-707.08
301	-685.598
302	-663.908
303	-642.015
304	-619.927
305	-597.65
306	-575.191
307	-552.556
308	-529.754
309	-506.79
310	-483.671
311	-460.405
312	-436.999
313	-413.46
314	-389.795
315	-366.011
316	-342.116
317	-318.117
318	-294.02
319	-269.834
320	-245.566
321	-221.223
322	-196.813
323	-172.343
324	-147.82
325	-123.252
326	-98.6468
327	-74.0114
328	-49.3535
329	-24.6805
330	-5.68434e-13
331	24.6805
332	49.3535
333	74.0114
334	98.6468
335	123.252
336	147.82
337	172.343
338	196.813
339	221.223
340	245.566
341	269.834
342	294.02
343	318.117
344	342.116
345	366.011
346	389.795
347	413.46
348	436.999
349	460.405
350	483.671
351	506.79
352	529.754
353	552.556
354	575.191
355	597.65
356	619.927
357	642.015
358	663.908
359	685.598
360	707.08
Line Voltage vab
