PhaseA
  5 10
  0.06584
  0  163.645  4.16336  -0.535176  133.358  
  0.06592
  0  188.228  5.23286  -0.521606  169.624  
  0.066
  0  212.115  6.22762  -0.505728  198.477  
  0.06608
  0  235.218  7.20073  -0.487375  229.416  
  0.06616
  0  257.451  8.11724  -0.467117  253.222  
  0.06624
  0  278.731  9.02552  -0.445031  276.085  
  0.06632
  0  298.981  9.85993  -0.420483  306.842  
  0.0664
  0  318.126  10.6403  -0.393939  331.798  
  0.06648
  0  336.094  11.3369  -0.365647  353.655  
  0.06656
  0  352.818  12.0646  -0.335451  377.449  
