PhaseB
  5 10
  0.06584
  0  -436.386  -16.749  0.0576508  -428.225  
  0.06592
  0  -439.407  -17.1049  0.0241  -419.385  
  0.066
  0  -440.804  -17.3582  -0.00917375  -415.922  
  0.06608
  0  -440.571  -17.6259  -0.0417968  -407.788  
  0.06616
  0  -438.708  -17.7956  -0.0741715  -404.683  
  0.06624
  0  -435.223  -17.904  -0.106167  -399.945  
  0.06632
  0  -430.128  -17.9087  -0.136969  -385.029  
  0.0664
  0  -423.443  -17.8173  -0.166839  -373.366  
  0.06648
  0  -415.192  -17.5885  -0.195831  -362.403  
  0.06656
  0  -405.405  -17.3653  -0.22354  -346.367  
