PhaseC
  5 10
  0.06584
  0  272.741  12.5856  0.419555  259.065  
  0.06592
  0  251.179  11.872  0.439643  251.105  
  0.066
  0  228.689  11.1306  0.458477  235.421  
  0.06608
  0  205.353  10.4252  0.476205  221.602  
  0.06616
  0  181.257  9.6784  0.492262  200.714  
  0.06624
  0  156.491  8.87849  0.506598  179.204  
  0.06632
  0  131.147  8.0488  0.519862  165.794  
  0.0664
  0  105.317  7.17706  0.531634  147.149  
  0.06648
  0  79.0985  6.25156  0.541718  126.055  
  0.06656
  0  52.587  5.30065  0.550353  107.937  
