Winding Voltages under Load 
Air-Gap Position (elec. degrees)
Voltage (V)
0	-15.1004
1	-7.67495
2	-0.122842
3	7.54863
4	15.3035
5	23.084
6	30.8283
7	38.4854
8	46.0283
9	53.4598
10	60.8114
11	68.1338
12	75.4824
13	82.9021
14	90.4075
15	97.9941
16	105.628
17	113.255
18	120.813
19	128.255
20	135.555
21	142.717
22	149.775
23	156.782
24	163.794
25	170.86
26	177.996
27	185.202
28	192.446
29	199.678
30	206.844
31	213.899
32	220.827
33	227.642
34	234.389
35	241.134
36	247.953
37	254.911
38	262.046
39	269.379
40	276.896
41	284.556
42	292.298
43	300.048
44	307.731
45	315.266
46	322.58
47	329.601
48	336.277
49	342.575
50	348.498
51	354.072
52	359.348
53	364.399
54	369.298
55	374.105
56	378.854
57	383.547
58	388.157
59	392.634
60	396.924
61	400.982
62	404.794
63	408.363
64	411.722
65	414.925
66	418.032
67	421.088
68	424.119
69	427.118
70	430.051
71	432.863
72	435.497
73	437.903
74	440.066
75	441.985
76	443.693
77	445.241
78	446.686
79	448.076
80	449.432
81	450.748
82	451.986
83	453.093
84	454.009
85	454.682
86	455.095
87	455.246
88	455.163
89	454.894
90	454.494
91	454.001
92	453.433
93	452.772
94	451.972
95	450.964
96	449.673
97	448.029
98	445.994
99	443.546
100	440.697
101	437.485
102	433.973
103	430.23
104	426.333
105	422.359
106	418.383
107	414.473
108	410.682
109	407.041
110	403.546
111	400.172
112	396.866
113	393.555
114	390.165
115	386.636
116	382.932
117	379.052
118	375.024
119	370.896
120	366.723
121	362.548
122	358.388
123	354.237
124	350.064
125	345.815
126	341.431
127	336.866
128	332.095
129	327.126
130	321.994
131	316.753
132	311.462
133	306.171
134	300.897
135	295.64
136	290.371
137	285.038
138	279.585
139	273.966
140	268.161
141	262.178
142	256.054
143	249.847
144	243.617
145	237.416
146	231.266
147	225.168
148	219.097
149	213.006
150	206.844
151	200.572
152	194.176
153	187.676
154	181.12
155	174.578
156	168.13
157	161.846
158	155.767
159	149.918
160	144.29
161	138.846
162	133.527
163	128.265
164	122.988
165	117.62
166	112.09
167	106.333
168	100.297
169	93.9559
170	87.316
171	80.4058
172	73.2814
173	66.0186
174	58.6948
175	51.3739
176	44.0935
177	36.8592
178	29.6466
179	22.4106
180	15.1003
181	7.67486
182	0.122715
183	-7.54876
184	-15.3036
185	-23.0841
186	-30.8284
187	-38.4855
188	-46.0284
189	-53.4599
190	-60.8115
191	-68.1339
192	-75.4825
193	-82.9022
194	-90.4076
195	-97.9942
196	-105.628
197	-113.255
198	-120.813
199	-128.255
200	-135.555
201	-142.717
202	-149.775
203	-156.782
204	-163.794
205	-170.86
206	-177.996
207	-185.202
208	-192.446
209	-199.678
210	-206.844
211	-213.899
212	-220.827
213	-227.642
214	-234.389
215	-241.134
216	-247.953
217	-254.911
218	-262.046
219	-269.379
220	-276.896
221	-284.556
222	-292.298
223	-300.048
224	-307.731
225	-315.266
226	-322.58
227	-329.601
228	-336.277
229	-342.575
230	-348.498
231	-354.072
232	-359.348
233	-364.399
234	-369.298
235	-374.105
236	-378.854
237	-383.547
238	-388.157
239	-392.634
240	-396.924
241	-400.982
242	-404.794
243	-408.363
244	-411.722
245	-414.925
246	-418.032
247	-421.088
248	-424.119
249	-427.118
250	-430.051
251	-432.863
252	-435.497
253	-437.903
254	-440.066
255	-441.985
256	-443.693
257	-445.241
258	-446.686
259	-448.076
260	-449.432
261	-450.748
262	-451.986
263	-453.094
264	-454.009
265	-454.682
266	-455.095
267	-455.246
268	-455.163
269	-454.894
270	-454.494
271	-454.001
272	-453.433
273	-452.772
274	-451.972
275	-450.964
276	-449.673
277	-448.029
278	-445.994
279	-443.546
280	-440.697
281	-437.486
282	-433.973
283	-430.23
284	-426.333
285	-422.359
286	-418.383
287	-414.473
288	-410.682
289	-407.041
290	-403.546
291	-400.172
292	-396.866
293	-393.555
294	-390.165
295	-386.636
296	-382.932
297	-379.052
298	-375.024
299	-370.896
300	-366.723
301	-362.548
302	-358.387
303	-354.237
304	-350.064
305	-345.815
306	-341.431
307	-336.866
308	-332.095
309	-327.126
310	-321.994
311	-316.753
312	-311.462
313	-306.171
314	-300.897
315	-295.64
316	-290.371
317	-285.038
318	-279.584
319	-273.966
320	-268.161
321	-262.178
322	-256.054
323	-249.847
324	-243.617
325	-237.416
326	-231.266
327	-225.168
328	-219.097
329	-213.006
330	-206.843
331	-200.571
332	-194.176
333	-187.676
334	-181.12
335	-174.578
336	-168.13
337	-161.846
338	-155.767
339	-149.918
340	-144.29
341	-138.846
342	-133.527
343	-128.265
344	-122.988
345	-117.62
346	-112.09
347	-106.333
348	-100.297
349	-93.956
350	-87.3161
351	-80.4059
352	-73.2815
353	-66.0187
354	-58.6949
355	-51.374
356	-44.0936
357	-36.8593
358	-29.6466
359	-22.4107
360	-15.1004
Phase Voltage va
0	381.823
1	393.307
2	404.671
3	415.912
4	427.026
5	438.01
6	448.86
7	459.574
8	470.148
9	480.578
10	490.862
11	500.997
12	510.979
13	520.806
14	530.473
15	539.979
16	549.321
17	558.496
18	567.5
19	576.331
20	584.987
21	593.465
22	601.762
23	609.875
24	617.803
25	625.542
26	633.091
27	640.448
28	647.609
29	654.573
30	661.337
31	667.9
32	674.26
33	680.414
34	686.361
35	692.099
36	697.626
37	702.94
38	708.041
39	712.925
40	717.593
41	722.042
42	726.271
43	730.279
44	734.064
45	737.626
46	740.963
47	744.074
48	746.959
49	749.616
50	752.045
51	754.245
52	756.215
53	757.954
54	759.463
55	760.74
56	761.786
57	762.6
58	763.181
59	763.53
60	763.646
61	763.53
62	763.181
63	762.6
64	761.786
65	760.74
66	759.463
67	757.954
68	756.215
69	754.245
70	752.045
71	749.616
72	746.959
73	744.074
74	740.963
75	737.626
76	734.064
77	730.279
78	726.271
79	722.042
80	717.593
81	712.925
82	708.041
83	702.94
84	697.626
85	692.099
86	686.361
87	680.414
88	674.26
89	667.9
90	661.337
91	654.573
92	647.609
93	640.448
94	633.091
95	625.542
96	617.803
97	609.875
98	601.762
99	593.465
100	584.987
101	576.331
102	567.5
103	558.496
104	549.321
105	539.979
106	530.473
107	520.806
108	510.979
109	500.997
110	490.862
111	480.578
112	470.148
113	459.574
114	448.86
115	438.01
116	427.026
117	415.912
118	404.671
119	393.307
120	381.823
121	370.223
122	358.51
123	346.688
124	334.761
125	322.731
126	310.603
127	298.38
128	286.067
129	273.666
130	261.182
131	248.619
132	235.98
133	223.269
134	210.489
135	197.646
136	184.743
137	171.783
138	158.771
139	145.711
140	132.606
141	119.461
142	106.279
143	93.0651
144	79.8228
145	66.5562
146	53.2693
147	39.9662
148	26.6509
149	13.3275
150	2.07478e-12
151	-13.3275
152	-26.6509
153	-39.9662
154	-53.2693
155	-66.5562
156	-79.8228
157	-93.0651
158	-106.279
159	-119.461
160	-132.606
161	-145.711
162	-158.771
163	-171.783
164	-184.743
165	-197.646
166	-210.489
167	-223.269
168	-235.98
169	-248.619
170	-261.182
171	-273.666
172	-286.067
173	-298.38
174	-310.603
175	-322.731
176	-334.761
177	-346.688
178	-358.51
179	-370.223
180	-381.823
181	-393.307
182	-404.671
183	-415.912
184	-427.026
185	-438.01
186	-448.86
187	-459.574
188	-470.148
189	-480.578
190	-490.862
191	-500.997
192	-510.979
193	-520.806
194	-530.473
195	-539.979
196	-549.321
197	-558.496
198	-567.5
199	-576.331
200	-584.987
201	-593.465
202	-601.762
203	-609.875
204	-617.803
205	-625.542
206	-633.091
207	-640.448
208	-647.609
209	-654.573
210	-661.337
211	-667.9
212	-674.26
213	-680.414
214	-686.361
215	-692.099
216	-697.626
217	-702.94
218	-708.041
219	-712.925
220	-717.593
221	-722.042
222	-726.271
223	-730.279
224	-734.064
225	-737.626
226	-740.963
227	-744.074
228	-746.959
229	-749.616
230	-752.045
231	-754.245
232	-756.215
233	-757.954
234	-759.463
235	-760.74
236	-761.786
237	-762.6
238	-763.181
239	-763.53
240	-763.646
241	-763.53
242	-763.181
243	-762.6
244	-761.786
245	-760.74
246	-759.463
247	-757.954
248	-756.215
249	-754.245
250	-752.045
251	-749.616
252	-746.959
253	-744.074
254	-740.963
255	-737.626
256	-734.064
257	-730.279
258	-726.271
259	-722.042
260	-717.593
261	-712.925
262	-708.041
263	-702.94
264	-697.626
265	-692.099
266	-686.361
267	-680.414
268	-674.26
269	-667.9
270	-661.337
271	-654.573
272	-647.609
273	-640.448
274	-633.091
275	-625.542
276	-617.803
277	-609.875
278	-601.762
279	-593.465
280	-584.987
281	-576.331
282	-567.5
283	-558.496
284	-549.321
285	-539.979
286	-530.473
287	-520.806
288	-510.979
289	-500.997
290	-490.862
291	-480.578
292	-470.148
293	-459.574
294	-448.86
295	-438.01
296	-427.026
297	-415.912
298	-404.671
299	-393.307
300	-381.823
301	-370.223
302	-358.51
303	-346.688
304	-334.761
305	-322.731
306	-310.603
307	-298.38
308	-286.067
309	-273.666
310	-261.182
311	-248.619
312	-235.98
313	-223.269
314	-210.489
315	-197.646
316	-184.743
317	-171.783
318	-158.771
319	-145.711
320	-132.606
321	-119.461
322	-106.279
323	-93.0651
324	-79.8228
325	-66.5562
326	-53.2693
327	-39.9662
328	-26.6509
329	-13.3275
330	4.37694e-12
331	13.3275
332	26.6509
333	39.9662
334	53.2693
335	66.5562
336	79.8228
337	93.0651
338	106.279
339	119.461
340	132.606
341	145.711
342	158.771
343	171.783
344	184.743
345	197.646
346	210.489
347	223.269
348	235.98
349	248.619
350	261.182
351	273.666
352	286.067
353	298.38
354	310.603
355	322.731
356	334.761
357	346.688
358	358.51
359	370.223
360	381.823
Line Voltage vab
