1544
10 1013   -0.00931516 -0.00951836 5125.16
10 1014   0.00931516 0.00951836 5125.16
10 1015   -0.00360022 -0.0128563 5126.75
10 1016   0.00360022 0.0128563 5126.75
10 1017   -0.00929253 0.00956672 5124.65
10 1018   0.00929253 -0.00956672 5124.65
10 1019   -0.00358494 0.0128736 5126.56
10 1020   0.00358494 -0.0128736 5126.56
10 1021   -0.0128993 0.00333144 5127.87
10 1022   0.0128993 -0.00333144 5127.87
10 1023   -0.0129119 -0.00326572 5128
10 1024   0.0129119 0.00326572 5128
10 1025   0.00552102 0.0230373 4834.5
10 1026   -0.00552102 -0.0230373 4834.5
10 1027   -0.0171457 -0.016237 4811.68
10 1028   0.0171457 0.016237 4811.68
10 1029   -0.0171017 0.0163257 4810.24
10 1030   0.0171017 -0.0163257 4810.24
10 1031   -0.0238295 -0.0325353 3129.83
10 1032   0.0238295 0.0325353 3129.83
10 1033   0.0161907 0.0369785 2975.29
10 1034   -0.0161907 -0.0369785 2975.29
10 1035   0.0237959 -0.0325942 3129.03
10 1036   -0.0237959 0.0325942 3129.03
10 1037   0.0161726 -0.037009 2972.35
10 1038   -0.0161726 0.037009 2972.35
10 1039   0.0285738 0.0349645 3010.51
10 1040   -0.0285738 -0.0349645 3010.51
10 1041   -0.0285511 0.0350046 3009.96
10 1042   0.0285511 -0.0350046 3009.96
10 1043   -0.0206221 -0.0358307 3001.67
10 1044   0.0206221 0.0358307 3001.67
10 1045   0.0206 -0.035869 2999.54
10 1046   -0.0206 0.035869 2999.54
10 1047   -0.0229657 -0.0399361 2849.17
10 1048   0.0229657 0.0399361 2849.17
10 1049   -0.0229545 0.0399555 2848.62
10 1050   0.0229545 -0.0399555 2848.62
10 1373   0.000966047 0.0323958 4256.15
10 1374   0.00286701 0.0395215 3661.34
10 1375   0.00285882 0.0426362 3464.59
10 1376   0.00236056 0.0483562 3442.87
10 1377   -0.000966047 -0.0323958 4256.15
10 1378   -0.00286701 -0.0395215 3661.34
10 1379   -0.00285882 -0.0426362 3464.59
10 1380   -0.00236056 -0.0483562 3442.87
10 1381   -0.00191211 0.0342455 4094
10 1382   4.36275e-06 0.0379336 3848.08
10 1383   -0.00285932 0.0395267 3660.55
10 1384   -0.00285338 0.0426398 3464.64
10 1385   -0.00235933 0.0483574 3443.3
10 1386   0.00191211 -0.0342455 4094
10 1387   -4.36275e-06 -0.0379336 3848.08
10 1388   0.00285932 -0.0395267 3660.55
10 1389   0.00285338 -0.0426398 3464.64
10 1390   0.00235933 -0.0483574 3443.3
10 1391   -0.0402835 -0.0214446 2809.61
10 1392   -0.0463153 -0.0143502 2302.76
10 1393   0.0402835 0.0214446 2809.61
10 1394   0.0463153 0.0143502 2302.76
10 1395   -0.0418692 0.0140986 2533.36
10 1396   -0.0440828 0.0164164 2505.91
10 1397   -0.0463089 0.0143664 2303.72
10 1398   0.0418692 -0.0140986 2533.36
10 1399   0.0440828 -0.0164164 2505.91
10 1400   0.0463089 -0.0143664 2303.72
10 1709   -0.0429884 0.0108896 2359.87
10 1710   0.0429884 -0.0108896 2359.87
10 1711   0.0430139 0.0108249 2371.77
10 1712   -0.0430139 -0.0108249 2371.77
10 1819   -0.0149588 -0.0411547 2591.91
10 1820   -0.0118508 -0.0427789 2379.6
10 1821   0.0149588 0.0411547 2591.91
10 1822   0.0118508 0.0427789 2379.6
10 1823   0.0149501 -0.0411688 2590.38
10 1824   0.0118445 -0.0427885 2377.95
10 1825   -0.0149501 0.0411688 2590.38
10 1826   -0.0118445 0.0427885 2377.95
10 2003   0.00498556 -0.0437855 3086
10 2004   0.00565108 -0.0480544 2662.78
10 2005   0.00449063 -0.0467113 3011.66
10 2006   0.008506 -0.0455798 2118.34
10 2007   0.00799119 -0.0485762 1534.95
10 2008   0.00730667 -0.0471696 2222.73
10 2009   0.0108185 -0.0479566 1942.29
10 2010   0.00940293 -0.0483297 1016.32
10 2011   -0.00498556 0.0437855 3086
10 2012   -0.00565108 0.0480544 2662.78
10 2013   -0.00449063 0.0467113 3011.66
10 2014   -0.008506 0.0455798 2118.34
10 2015   -0.00799119 0.0485762 1534.95
10 2016   -0.00730667 0.0471696 2222.73
10 2017   -0.0108185 0.0479566 1942.29
10 2018   -0.00940293 0.0483297 1016.32
10 2019   0.00499064 0.0437801 3085.63
10 2020   0.00565248 0.0480526 2661.53
10 2021   0.00449326 0.0467083 3010.8
10 2022   0.00850976 0.0455744 2119.41
10 2023   0.00730886 0.0471666 2222.49
10 2024   0.00799198 0.048575 1535.39
10 2026   0.00940371 0.0483285 1012.62
10 2027   0.0108193 0.0479554 1945.52
10 2028   -0.00499064 -0.0437801 3085.63
10 2029   -0.00565248 -0.0480526 2661.53
10 2030   -0.00449326 -0.0467083 3010.8
10 2031   -0.00850976 -0.0455744 2119.41
10 2032   -0.00730886 -0.0471666 2222.49
10 2033   -0.00799198 -0.048575 1535.39
10 2035   -0.00940371 -0.0483285 1012.62
10 2036   -0.0108193 -0.0479554 1945.52
10 2037   -0.0468844 -0.00951595 1370.81
10 2038   -0.0450377 -0.011172 2057.86
10 2039   -0.0461382 -0.0123471 2105.52
10 2040   -0.0477983 -0.0113988 1966.27
10 2041   -0.0481714 -0.00998326 1440.93
10 2042   0.0468844 0.00951595 1370.81
10 2043   0.0450377 0.011172 2057.86
10 2044   0.0461382 0.0123471 2105.52
10 2045   0.0477983 0.0113988 1966.27
10 2046   0.0481714 0.00998326 1440.93
10 2047   0.0468748 -0.00954022 1367.04
10 2048   0.0461286 -0.0123714 2112.01
10 2049   0.0450218 -0.0112124 2057.53
10 2050   0.0481682 -0.00999135 1444.46
10 2051   0.0477951 -0.0114069 1967.71
10 2052   -0.0468748 0.00954022 1367.04
10 2053   -0.0461286 0.0123714 2112.01
10 2054   -0.0450218 0.0112124 2057.53
10 2055   -0.0481682 0.00999135 1444.46
10 2056   -0.0477951 0.0114069 1967.71
10 2164   0.0430469 0.022206 2772.84
10 2165   0.043662 0.0208776 2683.95
10 2169   -0.0430469 -0.022206 2772.84
10 2170   -0.043662 -0.0208776 2683.95
10 2409   0.0485128 -0.00650169 2385.83
10 2410   0.046973 -0.0074623 2139.76
10 2411   -0.0485128 0.00650169 2385.83
10 2412   -0.046973 0.0074623 2139.76
10 2413   0.0488139 0.00297219 3285.6
10 2414   0.0485144 0.00649197 2388.43
10 2415   0.046981 0.0074364 2148.92
10 2416   -0.0488139 -0.00297219 3285.6
10 2417   -0.0485144 -0.00649197 2388.43
10 2418   -0.046981 -0.0074364 2148.92
10 2427   0.0221388 -0.042589 2772.32
10 2431   0.0203675 -0.0434091 2677.87
10 2433   0.0176761 -0.0430724 2592.8
10 2434   0.0169063 -0.0454758 2572.23
10 2438   -0.0221388 0.042589 2772.32
10 2442   -0.0203675 0.0434091 2677.87
10 2444   -0.0176761 0.0430724 2592.8
10 2445   -0.0169063 0.0454758 2572.23
10 2449   -0.0169078 -0.0454734 2572.21
10 2450   -0.0176817 -0.043063 2593.31
10 2454   -0.0203716 -0.0434022 2678.06
10 2455   -0.0221428 -0.0425821 2772.46
10 2460   0.0169078 0.0454734 2572.21
10 2461   0.0176817 0.043063 2593.31
10 2465   0.0203716 0.0434022 2678.06
10 2466   0.0221428 0.0425821 2772.46
10 2491   0.0274425 -0.0170167 3969.09
10 2492   0.0273139 -0.0235991 3503.86
10 2493   0.0326607 -0.0222128 3158.15
10 2494   0.0302985 -0.0252994 3207.58
10 2495   0.0353909 -0.0237568 2989.77
10 2496   0.0409009 -0.0229668 2829.09
10 2497   0.038425 -0.021579 2859.81
10 2498   0.0409651 -0.0257894 2972.1
10 2502   0.0398477 -0.0273898 2944.25
10 2506   -0.0274425 0.0170167 3969.09
10 2507   -0.0273139 0.0235991 3503.86
10 2508   -0.0326607 0.0222128 3158.15
10 2509   -0.0302985 0.0252994 3207.58
10 2510   -0.0353909 0.0237568 2989.77
10 2511   -0.0409009 0.0229668 2829.09
10 2512   -0.038425 0.021579 2859.81
10 2513   -0.0409651 0.0257894 2972.1
10 2517   -0.0398477 0.0273898 2944.25
10 2521   0.0340667 -0.0119174 3534.67
10 2522   0.0304915 -0.0154257 3764.12
10 2523   0.032725 -0.0189215 3280.2
10 2524   0.0381532 -0.0147787 2911.46
10 2525   0.0366609 -0.0183655 2972.62
10 2526   -0.0340667 0.0119174 3534.67
10 2527   -0.0304915 0.0154257 3764.12
10 2528   -0.032725 0.0189215 3280.2
10 2529   -0.0381532 0.0147787 2911.46
10 2530   -0.0366609 0.0183655 2972.62
10 2531   -0.0275027 -0.0168912 3971.94
10 2532   -0.0273714 -0.0234921 3508.47
10 2533   -0.0327848 -0.0188028 3291.2
10 2534   -0.0305493 -0.0152987 3762.43
10 2535   0.0275027 0.0168912 3971.94
10 2536   0.0273714 0.0234921 3508.47
10 2537   0.0327848 0.0188028 3291.2
10 2538   0.0305493 0.0152987 3762.43
10 2597   -0.0388305 -0.0239734 2906.11
10 2598   -0.0319257 -0.0255648 3120.22
10 2599   -0.0342924 -0.022468 3065.15
10 2600   -0.0387722 -0.0289999 2997.63
10 2601   -0.0404483 -0.0265993 2974.49
10 2604   0.0388305 0.0239734 2906.11
10 2605   0.0319257 0.0255648 3120.22
10 2606   0.0342924 0.022468 3065.15
10 2607   0.0387722 0.0289999 2997.63
10 2608   0.0404483 0.0265993 2974.49
10 2683   0.0288426 -0.0383354 3003.2
10 2687   0.0272422 -0.0394527 2938.22
10 2688   0.0256418 -0.0405701 2963.53
10 2693   -0.0288426 0.0383354 3003.2
10 2697   -0.0272422 0.0394527 2938.22
10 2698   -0.0256418 0.0405701 2963.53
10 2703   -0.0256489 -0.0405576 2963.81
10 2707   -0.0272494 -0.0394402 2938.62
10 2708   -0.0288498 -0.0383229 3003.68
10 2713   0.0256489 0.0405576 2963.81
10 2717   0.0272494 0.0394402 2938.62
10 2718   0.0288498 0.0383229 3003.68
10 2723   -0.0445746 0.0189038 2648.02
10 2724   -0.0433445 0.0215607 2728.66
10 2728   0.0445746 -0.0189038 2648.02
10 2729   0.0433445 -0.0215607 2728.66
10 2733   0.0143574 -0.0470239 2278.83
10 2734   0.0148528 -0.045494 2343.66
10 2735   0.012517 -0.0447103 2203.13
10 2736   0.011774 -0.0470051 1955.3
10 2737   0.0108538 -0.0458483 1908.58
10 2738   -0.0143574 0.0470239 2278.83
10 2739   -0.0148528 0.045494 2343.66
10 2740   -0.012517 0.0447103 2203.13
10 2741   -0.011774 0.0470051 1955.3
10 2742   -0.0108538 0.0458483 1908.58
10 2743   0.0148551 0.0454904 2343.9
10 2744   0.0143582 0.0470227 2278.72
10 2745   0.0125209 0.0447043 2204.27
10 2746   0.0117755 0.0470027 1955.68
10 2747   0.0108569 0.0458435 1910.74
10 2748   -0.0148551 -0.0454904 2343.9
10 2749   -0.0143582 -0.0470227 2278.72
10 2750   -0.0125209 -0.0447043 2204.27
10 2751   -0.0117755 -0.0470027 1955.68
10 2752   -0.0108569 -0.0458435 1910.74
10 2753   0.00095326 0.0469526 3626.82
10 2754   -0.000950805 0.0469538 3627.11
10 2755   0.00095414 0.0441608 3559.23
10 2756   -0.000949926 0.044162 3559.34
10 2757   -0.00095326 -0.0469526 3626.82
10 2758   0.000950805 -0.0469538 3627.11
10 2759   -0.00095414 -0.0441608 3559.23
10 2760   0.000949926 -0.044162 3559.34
10 2761   -0.032364 -0.00164069 4262.83
10 2762   -0.0355068 -0.00329775 3952.66
10 2763   0.032364 0.00164069 4262.83
10 2764   0.0355068 0.00329775 3952.66
10 2765   0.045113 -0.000537521 3540.58
10 2766   0.045998 -0.00312823 3306.66
10 2767   0.0479557 0.00104621 3636.56
10 2768   0.0460027 0.00206291 3440.2
10 2769   0.0478343 -0.00349999 3195.23
10 2770   0.0489022 -0.00192598 3507.05
10 2771   -0.045113 0.000537521 3540.58
10 2772   -0.045998 0.00312823 3306.66
10 2773   -0.0479557 -0.00104621 3636.56
10 2774   -0.0460027 -0.00206291 3440.2
10 2775   -0.0478343 0.00349999 3195.23
10 2776   -0.0489022 0.00192598 3507.05
10 2777   -0.034051 0.00846882 3782.33
10 2778   -0.032355 0.00175647 4261.98
10 2779   -0.0354914 0.00341235 3948.03
10 2780   -0.0370151 0.00672263 3577.17
10 2781   0.034051 -0.00846882 3782.33
10 2782   0.032355 -0.00175647 4261.98
10 2783   0.0354914 -0.00341235 3948.03
10 2784   0.0370151 -0.00672263 3577.17
10 2853   0.0161652 -0.0213201 4621.41
10 2854   0.00633652 -0.0210933 4887.97
10 2855   0.0111076 -0.0227808 4760.18
10 2856   -0.000966957 -0.0252059 4783.26
10 2857   0.000951272 -0.0287717 4570.4
10 2858   0.00370543 -0.0232445 4843.44
10 2859   0.00562366 -0.0268103 4659.37
10 2860   -0.0161652 0.0213201 4621.41
10 2861   -0.00633652 0.0210933 4887.97
10 2862   -0.0111076 0.0227808 4760.18
10 2863   0.000966957 0.0252059 4783.26
10 2864   -0.000951272 0.0287717 4570.4
10 2865   -0.00370543 0.0232445 4843.44
10 2866   -0.00562366 0.0268103 4659.37
10 2867   0.0425304 0.00850979 2622.23
10 2868   0.0402886 0.00709246 3134.19
10 2869   0.044411 0.00473772 3086.74
10 2870   0.0446508 0.00677731 2595.48
10 2871   -0.0425304 -0.00850979 2622.23
10 2872   -0.0402886 -0.00709246 3134.19
10 2873   -0.044411 -0.00473772 3086.74
10 2874   -0.0446508 -0.00677731 2595.48
10 2875   0.0425033 -0.00858424 2634.87
10 2876   0.0415049 -0.00489278 3320.26
10 2877   0.0402615 -0.00718576 3127.73
10 2878   0.0443983 -0.00479279 3093.82
10 2879   0.0446348 -0.00682912 2591.23
10 2880   -0.0425033 0.00858424 2634.87
10 2881   -0.0415049 0.00489278 3320.26
10 2882   -0.0402615 0.00718576 3127.73
10 2883   -0.0443983 0.00479279 3093.82
10 2884   -0.0446348 0.00682912 2591.23
10 2893   -0.0136883 0.0340071 3434.31
10 2894   -0.0146502 0.0289483 3969.12
10 2895   -0.0114525 0.0268037 4416.12
10 2896   -0.00859962 0.028682 4375.45
10 2897   0.0136883 -0.0340071 3434.31
10 2898   0.0146502 -0.0289483 3969.12
10 2899   0.0114525 -0.0268037 4416.12
10 2900   0.00859962 -0.028682 4375.45
10 2901   0.016207 0.0212443 4624.06
10 2902   0.0102973 0.0247067 4664.75
10 2903   0.0137104 0.0339712 3438.03
10 2904   0.0106402 0.0287347 4260.59
10 2905   0.0146795 0.0288991 3973
10 2906   -0.016207 -0.0212443 4624.06
10 2907   -0.0102973 -0.0247067 4664.75
10 2908   -0.0137104 -0.0339712 3438.03
10 2909   -0.0106402 -0.0287347 4260.59
10 2910   -0.0146795 -0.0288991 3973
10 2911   0.0315341 0.0330895 3033.79
10 2912   0.0332145 0.0291061 3016.46
10 2913   0.036361 0.0298355 3010.69
10 2914   0.0336454 0.034854 3072.19
10 2915   0.0357157 0.0327837 3071.78
10 2920   -0.0315341 -0.0330895 3033.79
10 2921   -0.0332145 -0.0291061 3016.46
10 2922   -0.036361 -0.0298355 3010.69
10 2923   -0.0336454 -0.034854 3072.19
10 2924   -0.0357157 -0.0327837 3071.78
10 2929   -0.0315108 0.0331308 3031.38
10 2930   -0.0316002 0.0288154 3049.12
10 2931   -0.0346098 0.0271944 2997.9
10 2932   -0.0373018 0.0309622 3053.69
10 2933   -0.0371494 0.0286393 2986.02
10 2934   -0.035708 0.0327975 3071.8
10 2935   -0.0336377 0.0348678 3072.23
10 2940   0.0315108 -0.0331308 3031.38
10 2941   0.0316002 -0.0288154 3049.12
10 2942   0.0346098 -0.0271944 2997.9
10 2943   0.0373018 -0.0309622 3053.69
10 2944   0.0371494 -0.0286393 2986.02
10 2945   0.035708 -0.0327975 3071.8
10 2946   0.0336377 -0.0348678 3072.23
10 3019   -0.00573403 0.0339946 3980.28
10 3020   -0.00870911 0.0322393 3987.29
10 3021   -0.0106001 0.0354198 3465.99
10 3022   -0.00904959 0.0378433 3268.14
10 3023   -0.00524215 0.0383509 3576.33
10 3024   -0.00620039 0.0365069 3698.38
10 3025   -0.00997244 0.0417586 2584.65
10 3026   -0.00904321 0.0395605 3017.69
10 3027   -0.00713949 0.0398143 3208.25
10 3028   -0.00829719 0.0434119 2501.08
10 3029   -0.00688884 0.0421358 2932.31
10 3030   0.00573403 -0.0339946 3980.28
10 3031   0.00870911 -0.0322393 3987.29
10 3032   0.0106001 -0.0354198 3465.99
10 3033   0.00904959 -0.0378433 3268.14
10 3034   0.00524215 -0.0383509 3576.33
10 3035   0.00620039 -0.0365069 3698.38
10 3036   0.00997244 -0.0417586 2584.65
10 3037   0.00904321 -0.0395605 3017.69
10 3038   0.00713949 -0.0398143 3208.25
10 3039   0.00829719 -0.0434119 2501.08
10 3040   0.00688884 -0.0421358 2932.31
10 3041   0.00574689 0.0339808 3983.12
10 3042   0.0106154 0.0353975 3467.81
10 3043   0.00872654 0.0322161 3986.03
10 3044   0.00906023 0.0378295 3268.99
10 3045   0.00621137 0.036495 3699.2
10 3046   0.00525141 0.0383419 3577.14
10 3047   0.00997997 0.0417478 2586.31
10 3048   0.00714807 0.0398045 3208.74
10 3049   0.00905248 0.0395483 3018.85
10 3050   0.00830297 0.0434041 2501.99
10 3051   0.0068955 0.042128 2932.58
10 3052   -0.00574689 -0.0339808 3983.12
10 3053   -0.0106154 -0.0353975 3467.81
10 3054   -0.00872654 -0.0322161 3986.03
10 3055   -0.00906023 -0.0378295 3268.99
10 3056   -0.00621137 -0.036495 3699.2
10 3057   -0.00525141 -0.0383419 3577.14
10 3058   -0.00997997 -0.0417478 2586.31
10 3059   -0.00714807 -0.0398045 3208.74
10 3060   -0.00905248 -0.0395483 3018.85
10 3061   -0.00830297 -0.0434041 2501.99
10 3062   -0.0068955 -0.042128 2932.58
10 3131   -0.042753 -0.000479479 3584.56
10 3132   -0.037984 -0.00211904 3806.72
10 3133   -0.0379776 0.00119391 3823.45
10 3134   -0.0407446 0.00221121 3613.2
10 3135   -0.0421393 -0.00367236 3406.2
10 3136   -0.0401373 -0.00429462 3489.39
10 3137   0.042753 0.000479479 3584.56
10 3138   0.037984 0.00211904 3806.72
10 3139   0.0379776 -0.00119391 3823.45
10 3140   0.0407446 -0.00221121 3613.2
10 3141   0.0421393 0.00367236 3406.2
10 3142   0.0401373 0.00429462 3489.39
10 3154   -0.0486043 -0.00543604 2687.82
10 3155   -0.0486642 -0.00473208 2907.58
10 3159   0.0486043 0.00543604 2687.82
10 3160   0.0486642 0.00473208 2907.58
10 3164   0.0486626 -0.0047418 2893.96
10 3165   0.0486027 -0.00544576 2676.93
10 3169   -0.0486626 0.0047418 2893.96
10 3170   -0.0486027 0.00544576 2676.93
10 3173   -0.0213888 -0.00494411 4892.05
10 3174   -0.0252402 -0.00164293 4788.03
10 3175   -0.0290878 -0.00673017 4420.11
10 3176   -0.0288973 -0.00333793 4537.46
10 3177   -0.0253284 -0.0134214 4446.94
10 3178   -0.0212866 -0.0133303 4748.48
10 3179   -0.0259748 -0.00838113 4641.93
10 3180   -0.021933 -0.00829007 4839.95
10 3181   0.0213888 0.00494411 4892.05
10 3182   0.0252402 0.00164293 4788.03
10 3183   0.0290878 0.00673017 4420.11
10 3184   0.0288973 0.00333793 4537.46
10 3185   0.0253284 0.0134214 4446.94
10 3186   0.0212866 0.0133303 4748.48
10 3187   0.0259748 0.00838113 4641.93
10 3188   0.021933 0.00829007 4839.95
10 3189   0.0213672 -0.00505021 4891.83
10 3190   0.0252312 -0.00175423 4788.03
10 3191   0.0288793 -0.00345638 4537.59
10 3192   0.0290516 -0.00685846 4417.36
10 3193   0.0212373 -0.0134402 4747.4
10 3194   0.0252737 -0.0135463 4445.52
10 3195   0.021896 -0.00839998 4839.64
10 3196   0.0259323 -0.00850607 4641.05
10 3197   -0.0213672 0.00505021 4891.83
10 3198   -0.0252312 0.00175423 4788.03
10 3199   -0.0288793 0.00345638 4537.59
10 3200   -0.0290516 0.00685846 4417.36
10 3201   -0.0212373 0.0134402 4747.4
10 3202   -0.0252737 0.0135463 4445.52
10 3203   -0.021896 0.00839998 4839.64
10 3204   -0.0259323 0.00850607 4641.05
10 3205   0.0224837 0.0288525 3454.64
10 3206   0.0243541 0.0252257 3633.38
10 3207   0.0176344 0.0271678 3943.51
10 3208   0.0195048 0.023541 4152.03
10 3209   -0.0224837 -0.0288525 3454.64
10 3210   -0.0243541 -0.0252257 3633.38
10 3211   -0.0176344 -0.0271678 3943.51
10 3212   -0.0195048 -0.023541 4152.03
10 3225   -0.0243011 0.0253233 3627.43
10 3226   -0.0224412 0.0289286 3449.54
10 3227   -0.0194568 0.0236291 4147.4
10 3228   -0.017597 0.0272344 3939.19
10 3229   0.0243011 -0.0253233 3627.43
10 3230   0.0224412 -0.0289286 3449.54
10 3231   0.0194568 -0.0236291 4147.4
10 3232   0.017597 -0.0272344 3939.19
10 3233   0.0431777 0.0166892 2535.91
10 3234   0.0450207 0.0160736 2466.2
10 3235   0.0436631 0.0191927 2638.05
10 3236   0.0455061 0.0185771 2645
10 3237   -0.0431777 -0.0166892 2535.91
10 3238   -0.0450207 -0.0160736 2466.2
10 3239   -0.0436631 -0.0191927 2638.05
10 3240   -0.0455061 -0.0185771 2645
10 3241   0.0322563 0.0118358 3784.47
10 3242   0.0322306 0.00838723 4012.88
10 3243   0.0378115 0.00827118 3354.75
10 3244   0.035183 0.00665205 3809.17
10 3245   0.0372783 0.0108437 3197.3
10 3246   0.0346754 0.0126731 3419.05
10 3247   0.0405969 0.0149459 2650.23
10 3248   0.040239 0.0119801 2703.16
10 3249   0.0380113 0.0173523 2874.57
10 3250   0.0350506 0.0162159 3194.4
10 3251   -0.0322563 -0.0118358 3784.47
10 3252   -0.0322306 -0.00838723 4012.88
10 3253   -0.0378115 -0.00827118 3354.75
10 3254   -0.035183 -0.00665205 3809.17
10 3255   -0.0372783 -0.0108437 3197.3
10 3256   -0.0346754 -0.0126731 3419.05
10 3257   -0.0405969 -0.0149459 2650.23
10 3258   -0.040239 -0.0119801 2703.16
10 3259   -0.0380113 -0.0173523 2874.57
10 3260   -0.0350506 -0.0162159 3194.4
16 1   0.0548223 0.0454724 5187.36
16 2   -0.0548223 -0.0454724 5187.36
16 3   -0.0548125 0.0454574 5186.95
16 4   0.0548125 -0.0454574 5186.95
16 5   0.0412209 -0.0579326 5090.37
16 6   -0.0412209 0.0579326 5090.37
16 7   -0.0488014 -0.0532356 5238.09
16 8   0.0488014 0.0532356 5238.09
16 9   -0.0490274 0.0528312 5238.64
16 10   0.0490274 -0.0528312 5238.64
16 11   0.0527106 0.039865 5002.54
16 12   -0.0527106 -0.039865 5002.54
16 13   -0.0526885 0.0398667 5002.29
16 14   0.0526885 -0.0398667 5002.29
16 15   0.069748 -0.0165205 2274.09
16 16   -0.069748 0.0165205 2274.09
16 17   -0.0205291 0.0687823 2686.04
16 18   0.0205291 -0.0687823 2686.04
16 19   -0.0541129 0.0359439 4863.31
16 20   0.0541129 -0.0359439 4863.31
16 21   -0.0541251 -0.0359332 4863.06
16 22   0.0541251 0.0359332 4863.06
16 23   -0.0655697 -0.0378516 4966.42
16 24   0.0655697 0.0378516 4966.42
16 25   -0.0655615 0.0378749 4967.57
16 26   0.0655615 -0.0378749 4967.57
16 27   -0.0494563 -0.0476649 5173.43
16 28   0.0494563 0.0476649 5173.43
16 29   0.0495334 -0.047556 5172.67
16 30   -0.0495334 0.047556 5172.67
16 31   -0.0436134 0.0530046 5127.85
16 32   0.0436134 -0.0530046 5127.85
16 33   -0.0312579 -0.0541596 4498.17
16 34   0.0312579 0.0541596 4498.17
16 35   0.0590774 0.0481983 5244.94
16 36   -0.0590774 -0.0481983 5244.94
16 37   0.0227408 0.0588823 3258.59
16 38   -0.0227408 -0.0588823 3258.59
16 39   0.0439002 -0.0622232 5155.03
16 40   -0.0439002 0.0622232 5155.03
16 41   0.0590792 -0.0481872 5244.78
16 42   -0.0590792 0.0481872 5244.78
16 43   0.0712122 -0.0271603 3816.8
16 44   -0.0712122 0.0271603 3816.8
16 45   0.0395405 0.0491304 4926.72
16 46   -0.0395405 -0.0491304 4926.72
16 47   0.00804993 -0.0672975 1645.65
16 48   -0.00804993 0.0672975 1645.65
16 49   0.0742761 -0.0170995 2340.16
16 50   -0.0742761 0.0170995 2340.16
16 51   0.0223184 -0.0729293 2914.07
16 52   -0.0223184 0.0729293 2914.07
16 53   -0.0659042 0.0199932 2631.88
16 54   0.0659042 -0.0199932 2631.88
16 55   -0.0449994 -0.0441508 4979.89
16 56   0.0449994 0.0441508 4979.89
16 57   0.0450662 -0.0440395 4978.33
16 58   -0.0450662 0.0440395 4978.33
16 59   -0.0521941 -0.0564515 5289.04
16 60   0.0521941 0.0564515 5289.04
16 61   0.0747851 0.0172568 2358.23
16 62   -0.0747851 -0.0172568 2358.23
16 63   0.0523374 -0.0561375 5289.87
16 64   -0.0523374 0.0561375 5289.87
16 65   -0.040356 0.0485406 4944.3
16 66   0.040356 -0.0485406 4944.3
16 67   0.0411217 0.0450405 4871.2
16 68   -0.0411217 -0.0450405 4871.2
16 69   0.0413027 -0.0448507 4871.85
16 70   -0.0413027 0.0448507 4871.85
16 71   0.0242266 0.0551788 3471.79
16 72   -0.0242266 -0.0551788 3471.79
16 73   0.0271514 0.0536794 3872.85
16 74   -0.0271514 -0.0536794 3872.85
16 75   -0.0328977 -0.0503551 4489.04
16 76   0.0328977 0.0503551 4489.04
16 77   -0.0356443 -0.0485741 4700
16 78   0.0356443 0.0485741 4700
16 79   -0.0520963 -0.0270366 3779.52
16 80   0.0520963 0.0270366 3779.52
16 81   0.0494623 -0.031601 4233.69
16 82   -0.0494623 0.031601 4233.69
16 83   -0.0494702 -0.0315938 4233.44
16 84   0.0494702 0.0315938 4233.44
16 85   0.0520977 -0.0270663 3784.07
16 86   -0.0520977 0.0270663 3784.07
16 87   0.0472604 0.0382765 4823.4
16 88   -0.0472604 -0.0382765 4823.4
16 89   -0.056762 -0.0217672 3084.69
16 90   0.056762 0.0217672 3084.69
16 91   0.0472319 -0.038274 4822.44
16 92   -0.0472319 0.038274 4822.44
16 93   -0.0220194 0.0541413 3077.27
16 94   0.0220194 -0.0541413 3077.27
16 95   0.0568082 -0.0220335 3134.05
16 96   -0.0568082 0.0220335 3134.05
16 97   -0.0345142 0.049928 4655.07
16 98   0.0345142 -0.049928 4655.07
16 99   -0.0449153 -0.0403697 4836.86
16 100   0.0449153 0.0403697 4836.86
16 101   0.0275878 -0.0513691 3815.29
16 102   -0.0275878 0.0513691 3815.29
16 103   0.0582797 -0.00179052 1347.81
16 104   -0.0582797 0.00179052 1347.81
16 105   0.0448886 -0.0403481 4835.07
16 106   -0.0448886 0.0403481 4835.07
16 107   -0.0573867 -0.0187007 2542.97
16 108   0.0573867 0.0187007 2542.97
16 109   0.00358747 0.0607855 1401.4
16 110   -0.00358747 -0.0607855 1401.4
16 111   -0.00355287 0.0608071 1395.24
16 112   0.00355287 -0.0608071 1395.24
16 113   -0.0367532 0.0480195 4763.34
16 114   0.0367532 -0.0480195 4763.34
16 115   -0.0575932 0.0192819 2641.54
16 116   0.0575932 -0.0192819 2641.54
16 117   -0.00212348 -0.0581012 1346.21
16 118   0.00212348 0.0581012 1346.21
16 119   -0.00211286 0.0581062 1336.84
16 120   0.00211286 -0.0581062 1336.84
16 121   -0.0173857 -0.0546552 2371.38
16 122   0.0173857 0.0546552 2371.38
16 123   0.0385527 0.0424177 4457.55
16 124   -0.0385527 -0.0424177 4457.55
16 125   0.038651 -0.0423182 4458.16
16 126   -0.038651 0.0423182 4458.16
16 127   0.0428746 -0.0649332 5116.01
16 128   -0.0428746 0.0649332 5116.01
16 129   -0.0368916 0.0685192 4916.98
16 130   0.0368916 -0.0685192 4916.98
16 131   -0.0453487 -0.0353724 4351.52
16 132   0.0453487 0.0353724 4351.52
16 133   -0.0533004 -0.0215718 2976.97
16 134   0.0533004 0.0215718 2976.97
16 135   0.0453319 -0.0353738 4349.35
16 136   -0.0453319 0.0353738 4349.35
16 137   0.0533296 -0.021668 2994.8
16 138   -0.0533296 0.021668 2994.8
16 139   0.0414236 -0.0659027 5073.31
16 140   -0.0414236 0.0659027 5073.31
16 141   0.0778418 -0.000565933 1831.99
16 142   -0.0778418 0.000565933 1831.99
16 143   0.0384305 -0.0676967 4974.41
16 144   -0.0384305 0.0676967 4974.41
16 145   0.0778418 0.00117909 1829.3
16 146   -0.0778418 -0.00117909 1829.3
16 147   -0.0399418 0.0668241 5026.32
16 148   0.0399418 -0.0668241 5026.32
16 149   -0.0688852 -0.0363676 4895.43
16 150   0.0688852 0.0363676 4895.43
16 151   0.0659376 -0.0414733 5074.05
16 152   -0.0659376 0.0414733 5074.05
16 153   0.0659419 0.0414697 5073.84
16 154   -0.0659419 -0.0414697 5073.84
16 155   -0.0688812 0.0363873 4896.79
16 156   0.0688812 -0.0363873 4896.79
16 157   0.0718675 0.0300619 4303.73
16 158   -0.0718675 -0.0300619 4303.73
16 159   -0.0619679 0.0472089 5219.88
16 160   0.0619679 -0.0472089 5219.88
16 161   0.0619722 0.0472054 5219.81
16 162   -0.0619722 -0.0472054 5219.81
16 163   0.0718636 -0.0300816 4303.59
16 164   -0.0718636 0.0300816 4303.59
16 165   -0.076445 0.0150183 2239.19
16 166   0.076445 -0.0150183 2239.19
16 167   0.0252131 -0.0737214 3406.23
16 168   -0.0252131 0.0737214 3406.23
16 169   0.0697077 0.0348286 4833.41
16 170   -0.0697077 -0.0348286 4833.41
16 171   0.0650161 -0.0429551 5118.83
16 172   -0.0650161 0.0429551 5118.83
16 173   -0.0650204 -0.0429516 5118.69
16 174   0.0650204 0.0429516 5118.69
16 175   -0.0711997 -0.0316741 4586.99
16 176   0.0711997 0.0316741 4586.99
16 177   0.0630302 -0.0458245 5191.27
16 178   -0.0630302 0.0458245 5191.27
16 179   0.0301109 -0.071878 4307.29
16 180   -0.0301109 0.071878 4307.29
16 181   -0.0697038 0.0348484 4835.05
16 182   0.0697038 -0.0348484 4835.05
16 183   -0.0630345 -0.045821 5191.19
16 184   0.0630345 0.045821 5191.19
16 185   0.0767855 -0.0133069 2151.02
16 186   -0.0767855 0.0133069 2151.02
16 187   0.0711958 -0.0316938 4590.49
16 188   -0.0711958 0.0316938 4590.49
16 189   -0.0268655 0.0731605 3738.35
16 190   0.0268655 -0.0731605 3738.35
16 191   -0.0704795 -0.0332635 4760.97
16 192   0.0704795 0.0332635 4760.97
16 193   -0.0640466 0.0444061 5157.88
16 194   0.0640466 -0.0444061 5157.88
16 195   -0.0770697 0.0115851 2060.81
16 196   0.0770697 -0.0115851 2060.81
16 197   0.0640509 0.0444025 5157.78
16 198   -0.0640509 -0.0444025 5157.78
16 199   0.0704756 -0.0332833 4763.77
16 200   -0.0704756 0.0332833 4763.77
16 201   0.0284987 -0.0725458 4019.52
16 202   -0.0284987 0.0725458 4019.52
16 203   -0.0319127 0.0477417 4097.18
16 204   0.0319127 -0.0477417 4097.18
16 205   0.0217939 0.0526819 2984.93
16 206   -0.0217939 -0.0526819 2984.93
16 207   0.00990065 0.077415 1992.06
16 208   -0.00990065 -0.077415 1992.06
16 209   0.0347081 0.0452187 4221.8
16 210   -0.0347081 -0.0452187 4221.8
16 211   -0.00469267 -0.0779279 1867.58
16 212   0.00469267 0.0779279 1867.58
16 213   -0.00817056 -0.0776427 1942.22
16 214   0.00817056 0.0776427 1942.22
16 215   0.00467671 -0.0779324 1872.13
16 216   -0.00467671 0.0779324 1872.13
16 217   0.00815461 -0.0776472 1936.58
16 218   -0.00815461 0.0776472 1936.58
16 219   -0.00643395 -0.0778138 1891.37
16 220   0.00643395 0.0778138 1891.37
16 221   0.00641799 -0.0778183 1903.64
16 222   -0.00641799 0.0778183 1903.64
16 223   0.0264579 0.0503714 3556.5
16 224   -0.0264579 -0.0503714 3556.5
16 225   0.0303896 0.0481004 3907.76
16 226   -0.0303896 -0.0481004 3907.76
16 227   -0.0421811 -0.0384458 4399.66
16 228   0.0421811 0.0384458 4399.66
16 229   -0.0545523 0.0177139 2414.53
16 230   0.0545523 -0.0177139 2414.53
16 231   -0.0543627 -0.0173028 2358.14
16 232   0.0543627 0.0173028 2358.14
16 233   -0.042166 0.0384281 4393.95
16 234   0.042166 -0.0384281 4393.95
16 235   0.0351869 -0.0450811 4283.03
16 236   -0.0351869 0.0450811 4283.03
16 237   0.0757134 -0.0202407 2599.82
16 238   -0.0757134 0.0202407 2599.82
16 239   0.0741943 -0.0252486 3411.1
16 240   -0.0741943 0.0252486 3411.1
16 241   -0.0414317 -0.0665309 5069.14
16 242   0.0414317 0.0665309 5069.14
16 243   -0.0368997 -0.0691475 4911
16 244   0.0368997 0.0691475 4911
16 245   0.000642289 0.0571879 1347.82
16 246   -0.000642289 -0.0571879 1347.82
16 247   0.000637359 -0.0571879 1344.35
16 248   -0.000637359 0.0571879 1344.35
16 249   -0.049196 0.0291464 3832.07
16 250   0.049196 -0.0291464 3832.07
16 251   0.0498358 -0.0280382 3733.72
16 252   -0.0498358 0.0280382 3733.72
16 253   -0.0498376 -0.0280331 3732.83
16 254   0.0498376 0.0280331 3732.83
16 255   0.0491977 0.0291413 3831.6
16 256   -0.0491977 -0.0291413 3831.6
16 257   -0.0768998 -0.0152451 2255.82
16 258   0.0768998 0.0152451 2255.82
16 259   -0.0516525 0.0589747 5282.99
16 260   0.0516525 -0.0589747 5282.99
16 261   0.0752618 -0.0219263 2818.51
16 262   -0.0752618 0.0219263 2818.51
16 263   -0.0747552 0.0235962 3094.14
16 264   0.0747552 -0.0235962 3094.14
16 265   -0.0742485 -0.0251792 3377.03
16 266   0.0742485 0.0251792 3377.03
16 267   0.0589301 -0.0517116 5283.41
16 268   -0.0589301 0.0517116 5283.41
16 269   -0.0399499 -0.0674524 5021.23
16 270   0.0399499 0.0674524 5021.23
16 271   -0.0384386 -0.0683249 4968.81
16 272   0.0384386 0.0683249 4968.81
16 273   -0.0476072 0.0622946 5223.69
16 274   0.0476072 -0.0622946 5223.69
16 275   0.058924 0.0517263 5283.51
16 276   -0.058924 -0.0517263 5283.51
16 277   0.0757677 0.0201713 2598.19
16 278   -0.0757677 -0.0201713 2598.19
16 279   -0.0553527 0.0555311 5302.42
16 280   0.0553527 -0.0555311 5302.42
16 281   0.0203197 -0.0757359 2621.65
16 282   -0.0203197 0.0757359 2621.65
16 283   -0.0553466 -0.0555458 5302.42
16 284   0.0553466 0.0555458 5302.42
16 285   -0.0772402 -0.0135336 2164.31
16 286   0.0772402 0.0135336 2164.31
16 287   0.0503406 -0.0601252 5268
16 288   -0.0503406 0.0601252 5268
16 289   0.0775245 0.0118119 2076.26
16 290   -0.0775245 -0.0118119 2076.26
16 291   0.0489916 -0.0612323 5248.37
16 292   -0.0489916 0.0612323 5248.37
16 293   0.0748095 0.0235268 3074.3
16 294   -0.0748095 -0.0235268 3074.3
16 295   -0.0577795 0.0530236 5294.55
16 296   0.0577795 -0.0530236 5294.55
16 297   -0.075316 -0.0218569 2807.98
16 298   0.075316 0.0218569 2807.98
16 299   -0.0565866 0.0542972 5300.86
16 300   0.0565866 -0.0542972 5300.86
16 301   -0.0577734 -0.0530382 5294.62
16 302   0.0577734 0.0530382 5294.62
16 303   0.0565806 0.0543119 5300.9
16 304   -0.0565806 -0.0543119 5300.9
16 305   0.0186342 -0.0761875 2460.46
16 306   -0.0186342 0.0761875 2460.46
16 307   0.0169347 -0.0765838 2348.81
16 308   -0.0169347 0.0765838 2348.81
16 309   -0.0153269 -0.0769375 2253.76
16 310   0.0153269 0.0769375 2253.76
16 311   0.0170384 0.0765971 2349.21
16 312   -0.0170384 -0.0765971 2349.21
16 313   -0.0187378 -0.0762008 2459.97
16 314   0.0187378 0.0762008 2459.97
16 315   0.0460516 0.0636104 5190.57
16 316   -0.0460516 -0.0636104 5190.57
16 317   -0.0515154 -0.0592741 5281.33
16 318   0.0515154 0.0592741 5281.33
16 319   0.0320598 0.0716956 4601
16 320   -0.0320598 -0.0716956 4601
16 321   -0.0474701 -0.0625939 5220.51
16 322   0.0474701 0.0625939 5220.51
16 323   0.0502034 0.0604246 5265.83
16 324   -0.0502034 -0.0604246 5265.83
16 325   0.0304703 0.0724158 4355.8
16 326   -0.0304703 -0.0724158 4355.8
16 327   -0.027225 -0.0736982 3765.03
16 328   0.027225 0.0736982 3765.03
16 329   -0.0488545 -0.0615316 5245.65
16 330   0.0488545 0.0615316 5245.65
16 331   -0.0288581 -0.0730835 4054.83
16 332   0.0288581 0.0730835 4054.83
16 333   0.02413 -0.0515009 3270.82
16 334   -0.02413 0.0515009 3270.82
16 335   -0.0566651 0.0048512 1247.66
16 336   0.0566651 -0.0048512 1247.66
16 337   -0.0252801 0.05094 3411.76
16 338   0.0252801 -0.05094 3411.76
16 339   0.0567543 -0.00357467 1291.69
16 340   -0.0567543 0.00357467 1291.69
16 341   -0.022961 0.0520214 3121.19
16 342   0.022961 -0.0520214 3121.19
16 343   -0.0196534 0.0530943 2661.12
16 344   0.0196534 -0.0530943 2661.12
16 345   0.0513653 -0.0236884 3190.8
16 346   -0.0513653 0.0236884 3190.8
16 347   -0.0518858 0.0225194 3045
16 348   0.0518858 -0.0225194 3045
16 349   -0.0461806 -0.0326471 4005.15
16 350   0.0461806 0.0326471 4005.15
16 351   -0.0454284 -0.0336824 4065.93
16 352   0.0454284 0.0336824 4065.93
16 353   0.0461744 -0.0326492 4004.5
16 354   -0.0461744 0.0326492 4004.5
16 355   -0.0513621 -0.0236638 3185.86
16 356   0.0513621 0.0236638 3185.86
16 357   -0.0454223 0.0336844 4065.27
16 358   0.0454223 -0.0336844 4065.27
16 359   -0.0518826 -0.0224947 3039.91
16 360   0.0518826 0.0224947 3039.91
16 361   -0.0508043 0.0248385 3335.8
16 362   0.0508043 -0.0248385 3335.8
16 363   -0.0468961 -0.0315862 3939.55
16 364   0.0468961 0.0315862 3939.55
16 365   -0.04689 0.0315883 3938.72
16 366   0.04689 -0.0315883 3938.72
16 367   -0.0508011 -0.0248139 3331.41
16 368   0.0508011 0.0248139 3331.41
16 369   -0.0292263 0.0483317 3756.39
16 370   0.0292263 -0.0483317 3756.39
16 371   0.0303115 -0.0476536 3834.23
16 372   -0.0303115 0.0476536 3834.23
16 373   0.0281181 -0.0489715 3665.2
16 374   -0.0281181 0.0489715 3665.2
16 375   -0.0564695 0.000134546 1323.78
16 376   0.0564695 -0.000134546 1323.78
16 377   0.0539833 -0.0161619 2211.9
16 378   -0.0539833 0.0161619 2211.9
16 379   -0.054336 0.0149318 2050.47
16 380   0.054336 -0.0149318 2050.47
16 381   -0.0199475 -0.0525875 2686.67
16 382   0.0199475 0.0525875 2686.67
16 383   0.018745 0.0530252 2536.48
16 384   -0.018745 -0.0530252 2536.48
16 385   -0.035655 0.0434896 4106.29
16 386   0.035655 -0.0434896 4106.29
16 387   -0.0366353 0.042667 4142.05
16 388   0.0366353 -0.042667 4142.05
16 389   -0.0355523 -0.043572 4101.02
16 390   0.0355523 0.043572 4101.02
16 391   0.0365326 0.0427495 4137.59
16 392   -0.0365326 -0.0427495 4137.59
16 393   0.0143996 0.0542696 1962.3
16 394   -0.0143996 -0.0542696 1962.3
16 395   -0.0156297 -0.0539168 2138.35
16 396   0.0156297 0.0539168 2138.35
16 397   -0.0275078 -0.0489266 3559.12
16 398   0.0275078 0.0489266 3559.12
16 399   0.028616 0.0482867 3651.94
16 400   -0.028616 -0.0482867 3651.94
16 401   0.0397278 0.0396357 4161.92
16 402   -0.0397278 -0.0396357 4161.92
16 403   -0.0406167 -0.0387152 4158.41
16 404   0.0406167 0.0387152 4158.41
16 405   -0.0388073 -0.0405246 4159.45
16 406   0.0388073 0.0405246 4159.45
16 407   -0.0397234 0.0396186 4158.1
16 408   0.0397234 -0.0396186 4158.1
16 409   0.0406124 -0.0386981 4154.49
16 410   -0.0406124 0.0386981 4154.49
16 411   -0.0538197 -0.0158223 2165.98
16 412   0.0538197 0.0158223 2165.98
16 413   0.0388029 -0.0405075 4155.79
16 414   -0.0388029 0.0405075 4155.79
16 415   -0.0528559 0.0185411 2500.04
16 416   0.0528559 -0.0185411 2500.04
16 417   0.0524182 -0.0197436 2653.44
16 418   -0.0524182 0.0197436 2653.44
16 419   -0.0424207 -0.0365179 4077.9
16 420   0.0424207 0.0365179 4077.9
16 421   -0.0432433 -0.0355376 4044.68
16 422   0.0432433 0.0355376 4044.68
16 423   -0.00467073 0.0557732 1220.04
16 424   0.00467073 -0.0557732 1220.04
16 425   -0.04241 0.0365172 4076.06
16 426   0.04241 -0.0365172 4076.06
16 427   -0.0528299 -0.0184696 2488.74
16 428   0.0528299 0.0184696 2488.74
16 429   -0.00339419 0.0558625 1261.97
16 430   0.00339419 -0.0558625 1261.97
16 431   0.00467642 0.0557682 1218.62
16 432   -0.00467642 -0.0557682 1218.62
16 433   0.0432326 -0.035537 4042.79
16 434   -0.0432326 0.035537 4042.79
16 435   -0.0523922 -0.019672 2641.26
16 436   0.0523922 0.019672 2641.26
16 437   -0.0323443 0.0456667 3884.6
16 438   0.0323443 -0.0456667 3884.6
16 439   -0.0557206 -0.00517768 1190.04
16 440   0.0557206 0.00517768 1190.04
16 441   -0.00339989 -0.0558574 1266.79
16 442   0.00339989 0.0558574 1266.79
16 443   0.0333796 -0.0449145 3939.93
16 444   -0.0333796 0.0449145 3939.93
16 445   -0.0236104 -0.0505483 3115.4
16 446   0.0236104 0.0505483 3115.4
16 447   -0.0319682 -0.0457218 3830.06
16 448   0.0319682 0.0457218 3830.06
16 449   0.0247605 0.0499873 3245.81
16 450   -0.0247605 -0.0499873 3245.81
16 451   0.0309073 0.0464374 3768.73
16 452   -0.0309073 -0.0464374 3768.73
16 453   0.0224414 0.0510687 2980.08
16 454   -0.0224414 -0.0510687 2980.08
16 455   0.0330034 0.0449696 3885.78
16 456   -0.0330034 -0.0449696 3885.78
16 1401   -0.0677192 0.0130054 1940.43
16 1402   -0.069517 0.00925992 1785.99
16 1403   -0.0701237 0.00107041 1661.15
16 1404   -0.0668879 0.00719281 1626.97
16 1405   -0.0672925 0.00307043 1588.07
16 1406   -0.0638668 0.000834229 1499.81
16 1407   -0.0616491 0.00284415 1440.24
16 1408   -0.0625992 0.0102569 1502.8
16 1409   -0.0646983 0.00817408 1540.31
16 1410   -0.0628852 0.00606163 1445.91
16 1411   -0.0605106 0.00920462 1347.46
16 1412   -0.0610616 0.00708431 1338.19
16 1413   -0.0582444 0.00628846 1223.21
16 1414   -0.0584219 0.00944226 1127.91
16 1415   -0.0570623 0.00758233 1095.71
16 1416   -0.0554035 0.0139842 1871.04
16 1417   -0.0544121 0.0123527 1531.01
16 1418   -0.0571091 0.0114099 1246.17
16 1419   -0.0573799 0.0102539 1094.92
16 1420   -0.0556244 0.00856804 824.094
16 1421   -0.0562955 0.00954434 929.995
16 1422   -0.0546678 0.00911777 715.509
16 1423   -0.0547679 0.00848573 715.785
16 1424   0.0677192 -0.0130054 1940.43
16 1425   0.069517 -0.00925992 1785.99
16 1426   0.0701237 -0.00107041 1661.15
16 1427   0.0668879 -0.00719281 1626.97
16 1428   0.0672925 -0.00307043 1588.07
16 1429   0.0638668 -0.000834229 1499.81
16 1430   0.0616491 -0.00284415 1440.24
16 1431   0.0625992 -0.0102569 1502.8
16 1432   0.0646983 -0.00817408 1540.31
16 1433   0.0628852 -0.00606163 1445.91
16 1434   0.0605106 -0.00920462 1347.46
16 1435   0.0610616 -0.00708431 1338.19
16 1436   0.0582444 -0.00628846 1223.21
16 1437   0.0584219 -0.00944226 1127.91
16 1438   0.0570623 -0.00758233 1095.71
16 1439   0.0554035 -0.0139842 1871.04
16 1440   0.0544121 -0.0123527 1531.01
16 1441   0.0571091 -0.0114099 1246.17
16 1442   0.0573799 -0.0102539 1094.92
16 1443   0.0556244 -0.00856804 824.094
16 1444   0.0562955 -0.00954434 929.995
16 1445   0.0546678 -0.00911777 715.509
16 1446   0.0547679 -0.00848573 715.785
16 1447   -0.0620179 -0.016878 2242.49
16 1448   -0.0593268 -0.0171396 2290.3
16 1449   -0.0633008 -0.0114009 1652.9
16 1450   -0.0619242 -0.0139349 1855.12
16 1451   -0.0622308 -0.00947752 1435.43
16 1452   -0.0600289 -0.010437 1312.78
16 1453   -0.0628236 -0.00233127 1473.53
16 1454   -0.0644923 -0.0042648 1511.94
16 1455   -0.0625129 -0.00682942 1436.98
16 1456   -0.0565391 -0.0041534 1254.49
16 1457   -0.0556622 -0.00281077 1304.2
16 1458   -0.0557069 -0.0015319 1290.32
16 1459   -0.0571987 -0.00139735 1343.66
16 1460   -0.059969 -0.00322119 1380.25
16 1461   -0.058372 -0.00264122 1351.07
16 1462   -0.057757 -0.0041184 1298.44
16 1463   -0.0609539 -0.00611786 1381.61
16 1464   -0.0600786 -0.00444316 1360.9
16 1465   -0.0586293 -0.00495357 1315.57
16 1466   -0.0594531 -0.00876739 1217.72
16 1467   -0.0589132 -0.00616022 1270.58
16 1468   -0.0600959 -0.00709632 1301.14
16 1469   -0.0582294 -0.00712335 1178.35
16 1470   -0.0583112 -0.00853921 1128.53
16 1471   -0.0571682 -0.00902567 989.898
16 1472   -0.0578874 -0.0143274 1869.23
16 1473   -0.056535 -0.0099403 1009.15
16 1474   -0.0541262 -0.01259 1618.69
16 1475   -0.056186 -0.0136977 1763.2
16 1476   -0.0547884 -0.0145001 1975.79
16 1477   -0.0538166 -0.0138317 1890.8
16 1478   -0.0593407 -0.011704 1434.22
16 1479   -0.0588204 -0.0134093 1684.86
16 1480   -0.060166 -0.0132785 1699.4
16 1481   -0.0570384 -0.010828 1162.54
16 1482   -0.0581251 -0.0114085 1309.09
16 1483   -0.057865 -0.0122612 1441.08
16 1484   -0.0562392 -0.012522 1493.64
16 1485   -0.0565713 -0.0113576 1225.39
16 1486   -0.0569852 -0.0120036 1359.94
16 1487   -0.0548432 -0.0121289 1451.55
16 1488   -0.0557242 -0.0122451 1425.03
16 1489   -0.0559263 -0.0115071 1239.6
16 1490   -0.0553823 -0.0112874 1187.41
16 1491   -0.0547082 -0.0114941 1296.93
16 1492   -0.0555849 -0.00993626 940.662
16 1493   -0.055033 -0.0095148 824.18
16 1494   -0.0552073 -0.0107077 1037.74
16 1495   -0.0549072 -0.008356 741.65
16 1496   -0.054807 -0.00898805 730.772
16 1497   0.0620179 0.016878 2242.49
16 1498   0.0593268 0.0171396 2290.3
16 1499   0.0633008 0.0114009 1652.9
16 1500   0.0619242 0.0139349 1855.12
16 1501   0.0622308 0.00947752 1435.43
16 1502   0.0600289 0.010437 1312.78
16 1503   0.0628236 0.00233127 1473.53
16 1504   0.0644923 0.0042648 1511.94
16 1505   0.0625129 0.00682942 1436.98
16 1506   0.0565391 0.0041534 1254.49
16 1507   0.0556622 0.00281077 1304.2
16 1508   0.0557069 0.0015319 1290.32
16 1509   0.0571987 0.00139735 1343.66
16 1510   0.059969 0.00322119 1380.25
16 1511   0.058372 0.00264122 1351.07
16 1512   0.057757 0.0041184 1298.44
16 1513   0.0609539 0.00611786 1381.61
16 1514   0.0600786 0.00444316 1360.9
16 1515   0.0586293 0.00495357 1315.57
16 1516   0.0594531 0.00876739 1217.72
16 1517   0.0589132 0.00616022 1270.58
16 1518   0.0600959 0.00709632 1301.14
16 1519   0.0582294 0.00712335 1178.35
16 1520   0.0583112 0.00853921 1128.53
16 1521   0.0571682 0.00902567 989.898
16 1522   0.0578874 0.0143274 1869.23
16 1523   0.056535 0.0099403 1009.15
16 1524   0.0541262 0.01259 1618.69
16 1525   0.056186 0.0136977 1763.2
16 1526   0.0547884 0.0145001 1975.79
16 1527   0.0538166 0.0138317 1890.8
16 1528   0.0593407 0.011704 1434.22
16 1529   0.0588204 0.0134093 1684.86
16 1530   0.060166 0.0132785 1699.4
16 1531   0.0570384 0.010828 1162.54
16 1532   0.0581251 0.0114085 1309.09
16 1533   0.057865 0.0122612 1441.08
16 1534   0.0562392 0.012522 1493.64
16 1535   0.0565713 0.0113576 1225.39
16 1536   0.0569852 0.0120036 1359.94
16 1537   0.0548432 0.0121289 1451.55
16 1538   0.0557242 0.0122451 1425.03
16 1539   0.0559263 0.0115071 1239.6
16 1540   0.0553823 0.0112874 1187.41
16 1541   0.0547082 0.0114941 1296.93
16 1542   0.0555849 0.00993626 940.662
16 1543   0.055033 0.0095148 824.18
16 1544   0.0552073 0.0107077 1037.74
16 1545   0.0549072 0.008356 741.65
16 1546   0.054807 0.00898805 730.772
16 1547   -0.00942191 0.0630084 1489.6
16 1548   -0.0116359 0.0623692 1585.2
16 1549   -0.0104412 0.0593126 1288.55
16 1550   -0.0117808 0.0605377 1499.04
16 1551   -0.010825 0.0580924 1233.83
16 1552   -0.0125485 0.0580973 1503.47
16 1553   -0.0102699 0.0569279 1089.06
16 1554   -0.00607236 0.0603656 1359.58
16 1555   -0.00802896 0.0614953 1356.41
16 1556   -0.00890336 0.059631 1222.78
16 1557   -0.00560672 0.0566897 1185.7
16 1558   -0.0062074 0.0585477 1257.69
16 1559   -0.00768613 0.0584549 1158.42
16 1560   -0.00651441 0.0561182 1091.4
16 1561   -0.00755228 0.057044 1063.25
16 1562   -0.00827888 0.0564828 957.511
16 1563   -0.00939544 0.0564108 953.447
16 1564   -0.00787616 0.055479 848.953
16 1565   -0.00962476 0.0553068 858.217
16 1566   -0.0083605 0.0549038 745.942
16 1567   -0.00899254 0.0548037 729.077
16 1568   0.00942191 -0.0630084 1489.6
16 1569   0.0116359 -0.0623692 1585.2
16 1570   0.0104412 -0.0593126 1288.55
16 1571   0.0117808 -0.0605377 1499.04
16 1572   0.010825 -0.0580924 1233.83
16 1573   0.0125485 -0.0580973 1503.47
16 1574   0.0102699 -0.0569279 1089.06
16 1575   0.00607236 -0.0603656 1359.58
16 1576   0.00802896 -0.0614953 1356.41
16 1577   0.00890336 -0.059631 1222.78
16 1578   0.00560672 -0.0566897 1185.7
16 1579   0.0062074 -0.0585477 1257.69
16 1580   0.00768613 -0.0584549 1158.42
16 1581   0.00651441 -0.0561182 1091.4
16 1582   0.00755228 -0.057044 1063.25
16 1583   0.00827888 -0.0564828 957.511
16 1584   0.00939544 -0.0564108 953.447
16 1585   0.00787616 -0.055479 848.953
16 1586   0.00962476 -0.0553068 858.217
16 1587   0.0083605 -0.0549038 745.942
16 1588   0.00899254 -0.0548037 729.077
16 1589   0.0133408 0.0580331 1676.27
16 1590   0.0105062 0.0566321 1106.19
16 1591   0.00964245 0.0562307 946.368
16 1592   0.00983678 0.0551647 857.833
16 1593   0.00944362 0.0631176 1494.71
16 1594   0.0118194 0.0622973 1588.73
16 1595   0.00613152 0.0603168 1340.85
16 1596   0.00794202 0.0616666 1375.3
16 1597   0.00563276 0.0566632 1179.01
16 1598   0.00626292 0.058494 1245.49
16 1599   0.00654492 0.056086 1086.61
16 1600   0.0105603 0.0579029 1185.01
16 1601   0.0113922 0.0605754 1446.44
16 1602   0.0120506 0.0589683 1453.8
16 1603   0.00999632 0.0603174 1324.34
16 1604   0.00892192 0.0605883 1297.32
16 1605   0.00969385 0.0588419 1187.5
16 1606   0.00754959 0.0588397 1201.47
16 1607   0.0088408 0.0586414 1143.84
16 1608   0.0083981 0.0595842 1221.44
16 1609   0.00724078 0.0570053 1085.44
16 1610   0.0083693 0.0578654 1083.3
16 1611   0.00761529 0.0579283 1130.44
16 1612   0.00892491 0.0565787 948.702
16 1613   0.00845074 0.0571432 1009.15
16 1614   0.00785487 0.0566917 1002.34
16 1615   0.00768474 0.0554528 871.408
16 1616   0.00798253 0.056168 934.722
16 1617   0.00867556 0.0560865 893.682
16 1618   0.00913746 0.0547475 722.446
16 1619   0.00869379 0.0553213 788.881
16 1620   0.00815891 0.0548884 743.354
16 1621   -0.0133408 -0.0580331 1676.27
16 1622   -0.0105062 -0.0566321 1106.19
16 1623   -0.00964245 -0.0562307 946.368
16 1624   -0.00983678 -0.0551647 857.833
16 1625   -0.00944362 -0.0631176 1494.71
16 1626   -0.0118194 -0.0622973 1588.73
16 1627   -0.00613152 -0.0603168 1340.85
16 1628   -0.00794202 -0.0616666 1375.3
16 1629   -0.00563276 -0.0566632 1179.01
16 1630   -0.00626292 -0.058494 1245.49
16 1631   -0.00654492 -0.056086 1086.61
16 1632   -0.0105603 -0.0579029 1185.01
16 1633   -0.0113922 -0.0605754 1446.44
16 1634   -0.0120506 -0.0589683 1453.8
16 1635   -0.00999632 -0.0603174 1324.34
16 1636   -0.00892192 -0.0605883 1297.32
16 1637   -0.00969385 -0.0588419 1187.5
16 1638   -0.00754959 -0.0588397 1201.47
16 1639   -0.0088408 -0.0586414 1143.84
16 1640   -0.0083981 -0.0595842 1221.44
16 1641   -0.00724078 -0.0570053 1085.44
16 1642   -0.0083693 -0.0578654 1083.3
16 1643   -0.00761529 -0.0579283 1130.44
16 1644   -0.00892491 -0.0565787 948.702
16 1645   -0.00845074 -0.0571432 1009.15
16 1646   -0.00785487 -0.0566917 1002.34
16 1647   -0.00768474 -0.0554528 871.408
16 1648   -0.00798253 -0.056168 934.722
16 1649   -0.00867556 -0.0560865 893.682
16 1650   -0.00913746 -0.0547475 722.446
16 1651   -0.00869379 -0.0553213 788.881
16 1652   -0.00815891 -0.0548884 743.354
16 1713   0.0127383 -0.0568729 1542.89
16 1714   0.0115604 -0.0563173 1257.07
16 1715   0.0169772 -0.0562775 2302.25
16 1716   0.016503 -0.0533048 2251.45
16 1717   0.0185699 -0.0543416 2536.61
16 1718   0.01772 -0.0529094 2382.93
16 1719   0.0139368 -0.0561087 1810.44
16 1720   0.0154764 -0.0558062 2100.24
16 1721   0.0158522 -0.0542657 2177.84
16 1722   0.0147927 -0.0541129 2031.67
16 1723   0.0142135 -0.0535047 1953.38
16 1724   0.013984 -0.0550379 1870.33
16 1725   0.0125869 -0.0538899 1649.63
16 1726   0.0135001 -0.05405 1829.35
16 1727   0.0133095 -0.0548094 1737.71
16 1728   0.0117726 -0.0553966 1328.02
16 1729   0.0121799 -0.0543416 1451.46
16 1730   0.0126128 -0.054957 1545.86
16 1731   0.010339 -0.0549332 936.467
16 1732   0.0114956 -0.0544435 1318.34
16 1733   0.0111837 -0.0551188 1175.23
16 1734   0.0103369 -0.0543189 955.176
16 1735   0.0109651 -0.0541968 1200.54
16 1736   -0.0127383 0.0568729 1542.89
16 1737   -0.0115604 0.0563173 1257.07
16 1738   -0.0169772 0.0562775 2302.25
16 1739   -0.016503 0.0533048 2251.45
16 1740   -0.0185699 0.0543416 2536.61
16 1741   -0.01772 0.0529094 2382.93
16 1742   -0.0139368 0.0561087 1810.44
16 1743   -0.0154764 0.0558062 2100.24
16 1744   -0.0158522 0.0542657 2177.84
16 1745   -0.0147927 0.0541129 2031.67
16 1746   -0.0142135 0.0535047 1953.38
16 1747   -0.013984 0.0550379 1870.33
16 1748   -0.0125869 0.0538899 1649.63
16 1749   -0.0135001 0.05405 1829.35
16 1750   -0.0133095 0.0548094 1737.71
16 1751   -0.0117726 0.0553966 1328.02
16 1752   -0.0121799 0.0543416 1451.46
16 1753   -0.0126128 0.054957 1545.86
16 1754   -0.010339 0.0549332 936.467
16 1755   -0.0114956 0.0544435 1318.34
16 1756   -0.0111837 0.0551188 1175.23
16 1757   -0.0103369 0.0543189 955.176
16 1758   -0.0109651 0.0541968 1200.54
16 1759   0.0108762 0.0544485 1138.53
16 1760   0.010248 0.0545706 935.746
16 1761   -0.0108762 -0.0544485 1138.53
16 1762   -0.010248 -0.0545706 935.746
16 1763   -0.0550027 0.0115872 1344.71
16 1764   -0.055896 0.0113033 1191.07
16 1765   -0.0549423 0.00992 859.765
16 1766   -0.0557135 0.0102643 973.12
16 1767   -0.0543058 0.0109791 1205.25
16 1768   -0.0544279 0.0103509 973.674
16 1769   0.0550027 -0.0115872 1344.71
16 1770   0.055896 -0.0113033 1191.07
16 1771   0.0549423 -0.00992 859.765
16 1772   0.0557135 -0.0102643 973.12
16 1773   0.0543058 -0.0109791 1205.25
16 1774   0.0544279 -0.0103509 973.674
16 1775   -0.0541962 -0.0110177 1211.43
16 1776   -0.0543794 -0.0100755 879.817
16 1777   -0.0545943 -0.0106003 1031.72
16 1778   0.0541962 0.0110177 1211.43
16 1779   0.0543794 0.0100755 879.817
16 1780   0.0545943 0.0106003 1031.72
16 1781   -0.00921403 -0.0656116 1620.94
16 1782   -0.00948205 -0.0740668 1911.38
16 1783   -0.0131866 -0.0738736 2095.85
16 1784   0.00921403 0.0656116 1620.94
16 1785   0.00948205 0.0740668 1911.38
16 1786   0.0131866 0.0738736 2095.85
16 1787   0.0228595 -0.0580528 3282.05
16 1788   0.02256 -0.0652328 3089.9
16 1789   0.0174264 -0.0581516 2341.93
16 1790   0.019893 -0.0624011 2657.04
16 1791   0.0204566 -0.0598979 2811.81
16 1792   -0.0228595 0.0580528 3282.05
16 1793   -0.02256 0.0652328 3089.9
16 1794   -0.0174264 0.0581516 2341.93
16 1795   -0.019893 0.0624011 2657.04
16 1796   -0.0204566 0.0598979 2811.81
16 1797   0.00983864 -0.0708394 1848.51
16 1798   0.0147479 -0.0751786 2209.31
16 1799   0.0134148 -0.0770297 2155.46
16 1800   0.0116931 -0.077314 2068.09
16 1801   0.00940936 -0.0756739 1939.47
16 1802   -0.00983864 0.0708394 1848.51
16 1803   -0.0147479 0.0751786 2209.31
16 1804   -0.0134148 0.0770297 2155.46
16 1805   -0.0116931 0.077314 2068.09
16 1806   -0.00940936 0.0756739 1939.47
16 1887   -0.0071788 -0.0550181 924.844
16 1888   -0.00654364 -0.0550961 1029.81
16 1894   0.0071788 0.0550181 924.844
16 1895   0.00654364 0.0550961 1029.81
16 1901   -0.00653347 0.0551069 1031.72
16 1902   -0.00716862 0.0550289 937.185
16 1908   0.00653347 -0.0551069 1031.72
16 1909   0.00716862 -0.0550289 937.185
16 1915   -0.0553102 0.00773528 842.485
16 1916   -0.0553882 0.00710013 1003.41
16 1924   0.0553102 -0.00773528 842.485
16 1925   0.0553882 -0.00710013 1003.41
16 1933   -0.0556259 -0.00613274 1090.59
16 1934   -0.0549962 -0.00772241 803.847
16 1935   -0.0560812 -0.00786128 939.635
16 1936   -0.0566329 -0.00690677 1090.65
16 1944   0.0556259 0.00613274 1090.59
16 1945   0.0549962 0.00772241 803.847
16 1946   0.0560812 0.00786128 939.635
16 1947   0.0566329 0.00690677 1090.65
16 2419   -0.059584 0.0181363 2420.02
16 2420   -0.0621018 0.0181695 2396.94
16 2421   -0.0635815 0.0147046 2038.28
16 2422   -0.0617321 0.0130045 1722.3
16 2423   0.059584 -0.0181363 2420.02
16 2424   0.0621018 -0.0181695 2396.94
16 2425   0.0635815 -0.0147046 2038.28
16 2426   0.0617321 -0.0130045 1722.3
16 2471   0.0202027 0.0742118 2613.9
16 2472   0.022163 0.0752574 2852.35
16 2473   0.0238329 0.0747509 3121.84
16 2474   0.0253519 0.0727218 3455.28
16 2475   0.0195066 0.0712029 2539.86
16 2476   0.0150485 0.0703123 2158.95
16 2477   0.013316 0.0673542 1971.98
16 2478   0.0138672 0.062971 1894.31
16 2479   0.0181762 0.0650448 2387.14
16 2480   0.0155934 0.065534 2142.25
16 2481   -0.0202027 -0.0742118 2613.9
16 2482   -0.022163 -0.0752574 2852.35
16 2483   -0.0238329 -0.0747509 3121.84
16 2484   -0.0253519 -0.0727218 3455.28
16 2485   -0.0195066 -0.0712029 2539.86
16 2486   -0.0150485 -0.0703123 2158.95
16 2487   -0.013316 -0.0673542 1971.98
16 2488   -0.0138672 -0.062971 1894.31
16 2489   -0.0181762 -0.0650448 2387.14
16 2490   -0.0155934 -0.065534 2142.25
16 2587   -0.013539 -0.0550354 1800.15
16 2588   -0.0130539 -0.0562359 1617.1
16 2589   -0.0124396 -0.0541105 1581.46
16 2590   -0.0115712 -0.0548437 1305.93
16 2591   -0.0117097 -0.0559003 1272.75
16 2592   0.013539 0.0550354 1800.15
16 2593   0.0130539 0.0562359 1617.1
16 2594   0.0124396 0.0541105 1581.46
16 2595   0.0115712 0.0548437 1305.93
16 2596   0.0117097 0.0559003 1272.75
16 2675   -0.0698867 -0.00203322 1651.83
16 2676   -0.0668467 -0.00416545 1578.57
16 2677   -0.0660636 -0.0104939 1712.66
16 2678   -0.0676146 -0.00702459 1632.52
16 2679   0.0698867 0.00203322 1651.83
16 2680   0.0668467 0.00416545 1578.57
16 2681   0.0660636 0.0104939 1712.66
16 2682   0.0676146 0.00702459 1632.52
16 2785   -0.0164221 0.0688626 2253.79
16 2786   -0.012572 0.0692007 1941.6
16 2787   -0.014339 0.0720561 2134.73
16 2788   -0.0131346 0.0634755 1800.94
16 2789   -0.0136343 0.0661234 1939.2
16 2790   -0.015676 0.0658908 2141.17
16 2791   0.0164221 -0.0688626 2253.79
16 2792   0.012572 -0.0692007 1941.6
16 2793   0.014339 -0.0720561 2134.73
16 2794   0.0131346 -0.0634755 1800.94
16 2795   0.0136343 -0.0661234 1939.2
16 2796   0.015676 -0.0658908 2141.17
16 2797   0.0267256 -0.0648587 3898.49
16 2798   0.0264614 -0.0601819 3915.17
16 2799   0.0344382 -0.0659986 4841.12
16 2800   0.0290981 -0.056179 4256.35
16 2801   0.0329171 -0.0692036 4748.25
16 2802   0.0300232 -0.0682385 4397.46
16 2803   0.0333151 -0.0552896 4751.42
16 2804   0.0354972 -0.0594673 4891.37
16 2805   -0.0267256 0.0648587 3898.49
16 2806   -0.0264614 0.0601819 3915.17
16 2807   -0.0344382 0.0659986 4841.12
16 2808   -0.0290981 0.056179 4256.35
16 2809   -0.0329171 0.0692036 4748.25
16 2810   -0.0300232 0.0682385 4397.46
16 2811   -0.0333151 0.0552896 4751.42
16 2812   -0.0354972 0.0594673 4891.37
16 2813   0.0588005 0.0245502 3591.01
16 2814   0.0561135 0.0277465 4049.78
16 2815   0.0626803 0.0338351 4813.35
16 2816   0.0581801 0.0336309 4791.25
16 2817   0.0620312 0.0251435 3672.27
16 2818   0.0638444 0.028544 4218.37
16 2819   0.0685974 0.0286204 4154.38
16 2820   0.0703637 0.0253709 3533.22
16 2821   0.0641616 0.0190438 2506.12
16 2822   0.067656 0.0231162 3150.52
16 2823   0.0640765 0.0229653 3199.24
16 2824   0.0715607 0.0172295 2347.16
16 2825   0.0664472 0.0180087 2372.92
16 2826   0.0690351 0.0203808 2653.71
16 2827   0.0706502 0.0132285 2040.68
16 2828   0.0673265 0.0140831 2043.97
16 2829   -0.0588005 -0.0245502 3591.01
16 2830   -0.0561135 -0.0277465 4049.78
16 2831   -0.0626803 -0.0338351 4813.35
16 2832   -0.0581801 -0.0336309 4791.25
16 2833   -0.0620312 -0.0251435 3672.27
16 2834   -0.0638444 -0.028544 4218.37
16 2835   -0.0685974 -0.0286204 4154.38
16 2836   -0.0703637 -0.0253709 3533.22
16 2837   -0.0641616 -0.0190438 2506.12
16 2838   -0.067656 -0.0231162 3150.52
16 2839   -0.0640765 -0.0229653 3199.24
16 2840   -0.0715607 -0.0172295 2347.16
16 2841   -0.0664472 -0.0180087 2372.92
16 2842   -0.0690351 -0.0203808 2653.71
16 2843   -0.0706502 -0.0132285 2040.68
16 2844   -0.0673265 -0.0140831 2043.97
16 2845   -0.056873 0.0141587 1854.95
16 2846   -0.0575414 0.0124918 1498.62
16 2847   -0.0583654 0.0155127 2069.47
16 2848   -0.0590338 0.0138458 1817.94
16 2849   0.056873 -0.0141587 1854.95
16 2850   0.0575414 -0.0124918 1498.62
16 2851   0.0583654 -0.0155127 2069.47
16 2852   0.0590338 -0.0138458 1817.94
16 2885   -0.0561145 0.0277984 4057.32
16 2886   -0.0588202 0.0247671 3629.64
16 2887   -0.0581737 0.0336618 4793.17
16 2888   -0.0626717 0.0338806 4815.4
16 2889   0.0561145 -0.0277984 4057.32
16 2890   0.0588202 -0.0247671 3629.64
16 2891   0.0581737 -0.0336618 4793.17
16 2892   0.0626717 -0.0338806 4815.4
16 2967   0.0192113 0.0593286 2610.55
16 2968   0.0174914 0.0571607 2358.1
16 2969   0.0151616 0.0589855 2022.76
16 2970   0.0155901 0.0613979 2079.69
16 2971   0.0177414 0.0622373 2344.87
16 2972   -0.0192113 -0.0593286 2610.55
16 2973   -0.0174914 -0.0571607 2358.1
16 2974   -0.0151616 -0.0589855 2022.76
16 2975   -0.0155901 -0.0613979 2079.69
16 2976   -0.0177414 -0.0622373 2344.87
16 2977   -0.0252116 -0.0620131 3665.7
16 2978   -0.0303345 -0.0688982 4422.07
16 2979   -0.0336093 -0.0671219 4783.98
16 2980   -0.0260604 -0.0689626 3688.98
16 2981   -0.0230062 -0.0682225 3123.64
16 2982   -0.0221169 -0.065267 2998.11
16 2983   0.0252116 0.0620131 3665.7
16 2984   0.0303345 0.0688982 4422.07
16 2985   0.0336093 0.0671219 4783.98
16 2986   0.0260604 0.0689626 3688.98
16 2987   0.0230062 0.0682225 3123.64
16 2988   0.0221169 0.065267 2998.11
16 2989   0.0445036 0.0547912 5167.96
16 2990   0.0410232 0.0528316 5051.09
16 2991   0.0444824 0.0607166 5176.18
16 2992   0.0339028 0.0570552 4799.43
16 2993   0.0385659 0.0563421 4999.14
16 2994   0.0341939 0.0629629 4832.14
16 2995   0.0309597 0.0607452 4568.66
16 2996   0.0411577 0.0607123 5091.63
16 2997   0.0397289 0.0636431 5039.09
16 2998   -0.0445036 -0.0547912 5167.96
16 2999   -0.0410232 -0.0528316 5051.09
16 3000   -0.0444824 -0.0607166 5176.18
16 3001   -0.0339028 -0.0570552 4799.43
16 3002   -0.0385659 -0.0563421 4999.14
16 3003   -0.0341939 -0.0629629 4832.14
16 3004   -0.0309597 -0.0607452 4568.66
16 3005   -0.0411577 -0.0607123 5091.63
16 3006   -0.0397289 -0.0636431 5039.09
16 3063   -0.0161748 0.0595352 2150.18
16 3064   -0.0144883 0.0621233 1931.86
16 3065   -0.0136123 0.0604081 1755.7
16 3066   -0.0139962 0.0591879 1807.79
16 3067   -0.0174488 0.061743 2315.01
16 3068   -0.0161462 0.0631109 2156.64
16 3069   0.0161748 -0.0595352 2150.18
16 3070   0.0144883 -0.0621233 1931.86
16 3071   0.0136123 -0.0604081 1755.7
16 3072   0.0139962 -0.0591879 1807.79
16 3073   0.0174488 -0.061743 2315.01
16 3074   0.0161462 -0.0631109 2156.64
16 3075   0.00314554 0.0641381 1502.1
16 3076   -0.00103809 0.0641546 1511.33
16 3077   -0.00310068 0.0682926 1623.88
16 3078   0.00617744 0.0703554 1711.23
16 3079   0.00620518 0.066696 1591.02
16 3080   -0.00101287 0.0719378 1703.82
16 3081   0.00312332 0.0719333 1712.96
16 3082   -0.00292465 0.075991 1807.53
16 3083   -0.000864531 0.0779872 1828.16
16 3084   0.000880487 0.0779872 1830.74
16 3085   0.00295656 0.0759865 1813.42
16 3086   -0.00314554 -0.0641381 1502.1
16 3087   0.00103809 -0.0641546 1511.33
16 3088   0.00310068 -0.0682926 1623.88
16 3089   -0.00617744 -0.0703554 1711.23
16 3090   -0.00620518 -0.066696 1591.02
16 3091   0.00101287 -0.0719378 1703.82
16 3092   -0.00312332 -0.0719333 1712.96
16 3093   0.00292465 -0.075991 1807.53
16 3094   0.000864531 -0.0779872 1828.16
16 3095   -0.000880487 -0.0779872 1830.74
16 3096   -0.00295656 -0.0759865 1813.42
16 3097   0.0721746 0.00382623 1720.25
16 3098   0.0758631 0.00961501 1960.37
16 3099   0.0776259 0.00824145 1939.86
16 3100   0.0777969 0.00650484 1893.74
16 3101   0.0707809 0.00673274 1734.67
16 3102   0.0725537 0.00934739 1869.19
16 3103   0.0779111 0.00476356 1868.4
16 3104   0.0758243 0.00332605 1810.76
16 3105   -0.0721746 -0.00382623 1720.25
16 3106   -0.0758631 -0.00961501 1960.37
16 3107   -0.0776259 -0.00824145 1939.86
16 3108   -0.0777969 -0.00650484 1893.74
16 3109   -0.0707809 -0.00673274 1734.67
16 3110   -0.0725537 -0.00934739 1869.19
16 3111   -0.0779111 -0.00476356 1868.4
16 3112   -0.0758243 -0.00332605 1810.76
16 3113   -0.0676278 0.0266253 3823.58
16 3114   -0.0658355 0.0233752 3248.59
16 3115   -0.0638466 0.0286808 4240.67
16 3116   -0.0620543 0.0254307 3716.32
16 3117   0.0676278 -0.0266253 3823.58
16 3118   0.0658355 -0.0233752 3248.59
16 3119   0.0638466 -0.0286808 4240.67
16 3120   0.0620543 -0.0254307 3716.32
16 3261   0.0780368 -0.00653023 1900.18
16 3262   0.0724494 -0.00766385 1803.59
16 3263   0.0726514 -0.00359671 1740.5
16 3264   0.0778658 -0.00826685 1942.38
16 3265   0.0756482 -0.00941362 1943.27
16 3266   0.0760641 -0.00273829 1813.32
16 3267   0.0781509 -0.00478895 1875.67
16 3268   -0.0780368 0.00653023 1900.18
16 3269   -0.0724494 0.00766385 1803.59
16 3270   -0.0726514 0.00359671 1740.5
16 3271   -0.0778658 0.00826685 1942.38
16 3272   -0.0756482 0.00941362 1943.27
16 3273   -0.0760641 0.00273829 1813.32
16 3274   -0.0781509 0.00478895 1875.67
end
